Time(kyBP) F_alb(W/m2)
   1.60    0.0921
   2.40    0.1207
   3.20    0.1207
   4.00   -0.0612
   4.80   -0.1907
   5.40   -0.0451
   6.20   -0.0734
   7.00   -0.1259
   7.80    0.0599
   8.60    0.1029
   9.60   -0.4493
  10.40   -0.6190
  11.20   -0.8734
  11.80   -0.9826
  12.80   -1.4715
  13.60   -1.6209
  14.80   -2.1946
  16.00   -2.3884
  17.00   -3.0271
  17.60   -3.1804
  18.40   -3.2815
  18.80   -3.1359
  19.50   -3.2048
  20.50   -2.9501
  21.70   -3.0432
  22.50   -2.9018
  23.70   -2.9462
  24.80   -2.8573
  25.80   -2.8734
  26.60   -2.7359
  27.80   -2.6068
  28.70   -2.5382
  29.70   -2.4371
  30.70   -2.4693
  31.70   -2.3440
  32.40   -2.5462
  33.50   -2.4773
  34.30   -2.5382
  35.10   -2.3926
  36.30   -2.5179
  37.60   -2.3359
  38.40   -2.3723
  39.40   -2.2551
  40.40   -2.2634
  41.10   -2.2390
  41.90   -2.3321
  43.00   -2.2834
  44.20   -2.2390
  45.40   -2.2107
  46.50   -2.1907
  47.50   -2.1907
  48.30   -2.1826
  49.10   -2.2551
  49.90   -2.3723
  50.70   -2.1501
  51.30   -2.1018
  51.90   -2.0048
  52.80   -1.8351
  53.40   -1.7582
  54.20   -1.9765
  55.20   -2.0129
  56.00   -1.8754
  57.00   -2.0815
  58.10   -2.2551
  59.10   -2.1421
  60.50   -2.0612
  61.90   -2.1987
  62.70   -2.1946
  63.50   -2.0773
  64.30   -2.3079
  65.10   -2.3240
  66.10   -2.2996
  67.40   -2.0693
  68.90   -1.9037
  70.30   -1.6773
  71.50   -1.5159
  72.90   -1.5240
  74.00   -1.5968
  75.00   -1.5684
  76.60   -1.3946
  77.80   -1.2412
  78.60   -0.9826
  79.40   -0.9462
  80.60   -1.0068
  81.20   -0.9746
  82.00   -1.0915
  83.20   -1.4068
  84.60   -1.3340
  85.60   -1.2532
  86.80   -1.3462
  87.90   -1.4148
  88.70   -1.3987
  89.50   -1.2937
  90.30   -1.3179
  91.10   -1.3582
  92.20   -1.2007
  93.20   -0.8654
  94.20   -1.0026
  95.10   -0.9662
  96.10   -0.8451
  96.90   -0.8693
  97.90   -1.0593
  98.80   -0.9259
  99.70   -0.9420
 100.90   -0.8693
 101.90   -0.7604
 102.70   -0.7240
 103.80   -0.8654
 105.20   -0.8290
 106.20   -0.9543
 107.20   -1.0915
 108.80   -1.1723
 110.00   -1.0551
 111.00   -1.0996
 112.00   -0.8693
 113.00   -0.7240
 113.70   -0.5987
 114.50   -0.4976
 115.50   -0.6512
 116.50   -0.7884
 117.50   -0.4937
 118.40   -0.3037
 119.20   -0.2309
 119.90    0.1518
 120.50    0.3585
 121.50    0.2296
 122.40    0.2674
 123.60    0.3696
 124.50    0.1007
 125.50   -0.3604
 126.30   -0.5543
 127.60   -0.8129
 128.60   -1.5604
 129.80   -1.5723
 131.00   -1.8390
 132.40   -2.3279
 133.40   -2.8412
 134.40   -2.8937
 135.40   -2.9301
 136.80   -3.0876
 137.80   -2.9218
 138.60   -2.8532
 139.60   -2.8654
 140.40   -2.8773
 141.00   -2.7401
 141.80   -2.7321
 142.60   -2.7118
 143.30   -2.7643
 144.10   -2.6593
 144.90   -2.8290
 145.70   -2.8773
 146.50   -2.8412
 147.20   -2.8007
 148.00   -3.1159
 148.60   -3.0229
 149.20   -2.8693
 150.00   -2.8412
 150.80   -2.7401
 151.60   -2.6229
 152.60   -2.5623
 153.60   -2.4654
 154.40   -2.4857
 155.40   -2.4532
 156.30   -2.3804
 157.30   -2.3926
 158.10   -2.5218
 159.10   -2.5784
 159.90   -2.5098
 161.00   -2.4087
 161.80   -2.3321
 162.90   -2.2996
 163.90   -2.0654
 165.10   -2.1462
 166.00   -2.1501
 166.80   -2.0857
 167.70   -2.1662
 168.70   -2.1340
 169.50   -1.9321
 170.40   -1.9562
 171.20   -1.9482
 172.00   -1.9562
 173.00   -1.9926
 174.00   -2.0248
 174.80   -1.9723
 175.70   -2.1179
 176.90   -2.0451
 177.80   -2.0976
 178.80   -2.1098
 180.20   -2.1946
 181.80   -2.0573
 183.00   -2.0976
 184.00   -1.9401
 185.30   -1.9079
 186.30   -1.7218
 187.30   -1.4593
 188.10   -1.0512
 189.10   -1.0551
 190.00   -0.9662
 191.20   -0.8412
 192.20   -0.5382
 193.20   -0.5382
 194.10   -0.3482
 194.90   -0.2957
 195.50   -0.2795
 196.50   -0.4895
 197.40   -0.6390
 198.30   -0.6068
 199.10   -0.6026
 200.10   -0.4048
 200.80   -0.5018
 201.70   -0.4937
 202.70   -0.4857
 203.70   -0.4248
 204.90   -0.5704
 206.00   -0.6148
 207.50   -0.5462
 208.90   -0.6634
 210.70   -0.6068
 212.30   -0.6995
 213.90   -0.6148
 215.00   -0.5946
 216.40   -0.5501
 217.60   -0.6190
 218.40   -0.6876
 219.20   -0.8693
 220.20   -1.1279
 220.90   -1.5765
 221.70   -1.8068
 222.50   -1.8551
 223.50   -2.1543
 224.20   -2.2068
 225.30   -1.9926
 226.10   -1.9926
 227.10   -1.9562
 227.90   -1.6693
 229.20   -1.2734
 230.00   -1.2532
 230.80   -1.3057
 232.00   -1.4715
 233.30   -1.3218
 234.10   -1.3501
 234.90   -1.2773
 236.10   -1.0148
 236.80   -0.6309
 237.70   -0.4451
 238.50   -0.5826
 239.70   -0.3765
 240.70   -0.4895
 241.50   -0.5662
 242.30   -0.9057
 243.10   -0.9865
 243.80   -1.3907
 244.70   -1.7098
 245.70   -2.0007
 246.50   -2.1421
 247.30   -2.2593
 248.10   -2.3804
 249.00   -2.3562
 249.80   -2.4412
 250.60   -2.4168
 251.40   -2.4412
 252.20   -2.3359
 252.90   -2.3482
 253.60   -2.2715
 254.40   -2.2271
 255.20   -2.2351
 256.10   -2.2471
 256.90   -2.0773
 257.70   -1.9723
 258.50   -2.0573
 259.30   -2.0693
 260.20   -2.0371
 260.90   -1.7543
 261.50   -1.7704
 262.30   -1.9279
 263.10   -1.9359
 263.80   -1.8351
 264.40   -2.2673
 265.20   -2.3765
 265.80   -2.1704
 266.60   -2.1946
 267.50   -2.2551
 268.30   -2.1826
 269.30   -2.2551
 270.30   -2.3159
 271.20   -2.1501
 271.90   -2.0007
 272.90   -1.7662
 273.70   -1.6937
 274.50   -1.6412
 275.60   -1.5684
 276.60   -1.4432
 277.60   -1.5321
 278.90   -1.3543
 280.30   -1.2693
 281.50   -1.1604
 282.70   -1.2976
 284.10   -1.1562
 285.00   -1.2493
 286.00   -1.1926
 287.20   -1.1482
 288.60   -1.0996
 289.60   -1.2412
 291.00   -1.2937
 292.20   -1.4107
 293.40   -1.6412
 294.40   -1.7462
 295.30   -1.7907
 296.30   -1.8957
 297.50   -1.9604
 298.30   -1.9765
 299.50   -1.8996
 300.80   -1.9643
 301.80   -1.7543
 302.80   -1.5198
 303.90   -1.4390
 305.20   -1.3462
 306.20   -1.1804
 307.50   -0.9704
 308.90   -0.7523
 310.10   -0.6995
 311.50   -0.6351
 313.10   -0.6754
 314.20   -0.7440
 315.40   -0.8693
 317.00   -0.6026
 318.00   -0.8734
 318.80   -0.7359
 320.00   -0.5382
 321.20   -0.5218
 322.10   -0.4573
 323.10   -0.0007
 324.50    0.0477
 325.70   -0.0087
 326.70    0.1096
 328.00   -0.0248
 329.40   -0.1704
 330.60   -0.0612
 331.80   -0.1179
 333.00   -0.3523
 334.00   -0.5462
 335.30   -0.7079
 336.70   -1.0148
 337.90   -1.3018
 339.00   -1.6857
 340.00   -1.9926
 340.90   -2.4129
 341.70   -2.2390
 342.50   -2.3684
 343.20   -2.2673
 344.20   -2.3723
 345.00   -2.1907
 345.80   -2.5784
 346.80   -2.5501
 347.80   -2.3968
 348.70   -2.3643
 349.70   -2.3846
 350.70   -2.4612
 351.50   -2.3968
 352.40   -2.4896
 353.30   -2.3037
 354.10   -2.4129
 354.70   -2.1865
 355.30   -2.2148
 356.00   -2.1137
 356.40   -2.2593
 357.20   -2.0087
 358.00   -1.9604
 358.80   -1.9359
 359.40   -2.0654
 360.40   -1.9604
 361.00   -1.8715
 361.80   -1.9118
 362.80   -1.8107
 363.80   -1.7907
 364.60   -1.8351
 365.20   -1.9118
 365.80   -1.9846
 366.40   -1.9198
 367.00   -1.8107
 367.50   -1.7340
 368.60   -1.8432
 369.60   -1.6976
 370.40   -1.7582
 371.50   -1.7987
 372.80   -1.7462
 373.70   -1.6290
 374.70   -1.7179
 375.90   -1.6976
 377.20   -1.6896
 378.20   -1.6412
 379.40   -1.6168
 380.60   -1.4996
 381.80   -1.4551
 382.60   -1.3826
 383.90   -1.3259
 385.10   -1.3179
 386.30   -1.2734
 387.30   -1.0957
 388.50   -0.9987
 389.60   -0.9826
 390.60   -0.8895
 391.80   -0.7643
 393.20   -0.7359
 394.50   -0.6471
 395.70   -0.4734
 396.70   -0.4412
 397.40   -0.3401
 398.20   -0.2512
 399.10   -0.0412
 399.70    0.0277
 400.50    0.2474
 401.40    0.2718
 402.20    0.2807
 402.90    0.2163
 403.70    0.2941
 404.60    0.2207
 405.10    0.1118
 405.80   -0.0734
 406.50   -0.0412
 407.30   -0.3401
 408.10   -0.4209
 408.90   -0.2876
 409.50   -0.3562
 410.30   -0.2957
 410.90   -0.1826
 411.40   -0.7604
 412.00   -0.7198
 413.10   -0.5745
 413.90   -1.2371
 415.10   -1.8309
 416.20   -1.1279
 417.40   -1.3826
 418.20   -1.9926
 418.90   -1.8796
 419.40   -1.3662
 420.40   -1.5440
 421.20   -1.4432
 422.00   -1.1079
 423.00   -0.8129
 424.20   -1.3501
 425.00   -1.8471
 426.00   -2.2634
 426.80   -2.5301
 427.80   -2.8654
 428.80   -2.7804
 429.60   -2.6796
 430.40   -2.8937
 431.20   -2.9218
 432.10   -3.0026
 433.10   -3.2209
 434.10   -3.2693
 434.90   -3.1562
 436.10   -3.0834
 437.20   -3.2007
 438.00   -3.0715
 439.00   -2.9501
 440.10   -2.8654
 441.30   -2.9259
 442.10   -2.7884
 443.10   -2.6026
 444.00   -2.7482
 445.10   -2.7926
 445.90   -2.6834
 447.10   -2.4976
 448.50   -2.7321
 449.80   -2.7118
 450.90   -2.4976
 452.10   -2.3159
 453.00   -2.1784
 453.60   -2.0976
 454.40   -2.1098
 455.40   -2.0129
 456.60   -2.0290
 457.70   -2.2834
 458.90   -2.2673
 460.00   -2.1704
 461.30   -2.2390
 462.10   -2.3643
 463.00   -2.3198
 463.80   -2.0896
 464.90   -2.0937
 465.70   -2.1462
 466.60   -1.9562
 467.50   -2.0290
 468.70   -2.2190
 469.50   -2.4371
 470.30   -2.3926
 471.10   -2.2996
 472.10   -2.1098
 472.90   -1.7784
 473.80   -1.2129
 474.60   -1.2048
 475.80   -1.3098
 476.90   -1.1846
 477.90   -1.4107
 478.70   -1.6493
 479.70   -1.6976
 480.50   -1.6573
 481.20   -1.7057
 481.80   -1.3907
 482.60   -1.2815
 483.40   -1.0673
 484.00   -1.0432
 484.40   -1.1118
 485.20   -1.1684
 486.00   -0.9420
 486.60   -0.9098
 487.60   -0.7440
 488.90   -0.6834
 489.90   -0.6026
 490.70   -0.7440
 491.70   -0.8412
 492.70   -0.8773
 493.60   -0.7523
 494.60   -0.7804
 495.70   -1.0271
 496.70   -0.9259
 497.70   -1.0271
 498.70   -1.1198
 499.70   -1.1643
 500.80   -1.0351
 502.00   -1.1159
 503.00   -1.2451
 504.00   -1.5240
 504.80   -1.4796
 505.80   -1.4834
 506.60   -1.5037
 507.80   -1.5359
 508.80   -1.2937
 510.00   -1.4471
 511.00   -1.5482
 512.60   -1.5240
 513.60   -1.5198
 514.80   -1.7421
 515.80   -1.8068
 517.20   -1.7946
 518.20   -1.7382
 519.60   -1.6573
 521.00   -1.4673
 522.60   -1.2734
 523.80   -1.1562
 525.20   -1.2734
 526.50   -1.4957
 527.70   -1.4148
 528.90   -1.5037
 530.10   -1.6412
 531.50   -1.7018
 532.80   -1.3946
 534.00   -1.5604
 535.80   -1.7746
 537.40   -1.8068
 538.60   -1.8634
 539.80   -2.0693
 541.40   -2.1218
 542.40   -2.2229
 543.40   -2.1826
 544.80   -2.2068
 546.20   -2.3684
 547.40   -2.3240
 548.80   -2.1543
 550.60   -2.4129
 551.80   -2.2796
 553.00   -2.1057
 554.20   -2.0937
 555.40   -2.1704
 556.20   -1.8351
 557.40   -1.8715
 558.80   -1.7018
 560.40   -1.6209
 561.80   -1.5562
 563.60   -1.3987
 565.10   -1.2209
 566.30   -1.2573
 567.70   -1.1240
 568.90   -0.9662
 569.70   -0.9582
 570.50   -0.9746
 571.60   -0.9420
 572.30   -0.9259
 573.10   -0.7926
 574.10   -0.7604
 575.10   -0.5018
 576.00   -0.2915
 577.00   -0.4412
 578.00   -0.5259
 578.80   -0.5582
 579.50   -0.8087
 580.30   -0.9462
 581.10   -0.9746
 581.90   -0.9987
 582.80   -1.0432
 583.70   -1.3543
 584.70   -1.4834
 585.70   -1.4551
 586.60   -1.3501
 587.60   -1.4190
 588.90   -1.0876
 589.90   -0.9623
 590.70   -0.9543
 591.70   -0.9501
 592.80   -0.7968
 593.70   -0.8007
 594.50   -0.8532
 595.30   -0.7562
 595.90   -0.8815
 596.00   -0.9301
 596.00   -1.0148
 596.10   -0.9018
 596.90   -0.9137
 597.90   -0.6432
 598.90   -0.9865
 599.90   -0.9662
 601.40   -1.1523
 602.40   -1.0148
 603.40   -1.4190
 604.80   -1.2248
 606.40   -1.1482
 607.60   -1.0471
 609.00   -0.9746
 610.20   -1.0229
 611.00   -0.9098
 612.00   -0.8937
 613.10   -0.7804
 613.90   -0.8129
 614.80   -0.5218
 615.80   -0.1826
 616.80   -0.0329
 617.60   -0.2512
 618.40   -0.3765
 619.00   -0.4168
 619.90   -0.9137
 620.70   -1.1968
 621.40   -1.3704
 622.20   -1.6573
 623.20   -1.7826
 624.40   -2.0857
 625.40   -2.5137
 626.40   -2.4896
 627.20   -2.6432
 628.20   -2.9421
 629.00   -2.7198
 629.80   -2.7401
 630.60   -3.0309
 632.00   -3.0271
 633.20   -3.1079
 634.20   -3.3946
 635.40   -3.1926
 637.00   -3.0271
 638.00   -3.0471
 639.00   -2.9582
 640.20   -2.7037
 641.40   -2.7926
 642.30   -2.7846
 643.50   -2.5137
 644.90   -2.4168
 646.10   -2.5907
 647.10   -2.3804
 648.60   -2.4087
 650.00   -2.4612
 651.60   -2.4896
 653.40   -2.2715
 655.00   -2.4087
 656.60   -2.3401
 658.00   -2.3240
 658.80   -2.2957
 659.90   -2.4329
 661.30   -2.2390
 662.10   -2.2271
 663.40   -2.3321
 664.90   -2.2996
 666.00   -2.0734
 666.80   -2.2068
 668.20   -2.0976
 669.10   -1.8593
 670.00   -1.8271
 671.00   -1.7865
 672.20   -1.9723
 673.00   -1.8996
 674.00   -1.8673
 674.80   -1.8351
 675.50   -2.1259
 676.40   -1.6693
 677.40   -1.8351
 678.30   -1.9723
 679.30   -1.7462
 680.50   -1.5884
 681.50   -1.4996
 682.30   -1.2976
 683.30   -0.9662
 684.30   -1.1321
 685.00   -0.8129
 685.90   -0.8976
 686.90   -0.6715
 687.90   -0.7198
 689.10   -0.5137
 690.20   -0.5987
 691.40   -0.4612
 692.40   -0.4371
 693.60   -0.4451
 694.40   -0.4976
 695.60   -0.4612
 696.80   -0.6634
 698.20   -0.7765
 699.20   -0.7723
 700.80   -0.8129
 702.00   -1.0512
 703.00   -0.8976
 704.40   -1.0148
 705.80   -1.3421
 707.40   -1.5401
 709.20   -1.6209
 710.80   -1.8796
 712.20   -2.2471
 713.60   -2.0693
 714.40   -2.0734
 715.10   -2.1340
 716.50   -2.2876
 717.50   -2.0976
 719.10   -2.2876
 720.60   -2.3240
 722.10   -2.2309
 723.10   -1.9321
 724.50   -1.9523
 725.50   -1.8996
 726.80   -1.7018
 728.10   -1.6007
 729.50   -1.7582
 730.90   -1.4996
 732.10   -1.4148
 733.30   -1.3946
 734.40   -1.4673
 735.80   -1.3865
 737.00   -1.5562
 738.40   -1.5723
 739.80   -1.7137
 741.40   -1.6815
 742.50   -1.7098
 743.50   -1.7421
 744.90   -1.8957
 745.90   -1.8471
 747.40   -2.0087
 748.80   -2.0493
 750.80   -2.1501
 752.20   -2.2512
 753.60   -2.3523
 754.60   -2.2432
 755.60   -2.2876
 756.20   -2.3765
 756.90   -2.3037
 757.90   -2.3401
 758.70   -2.3401
 759.50   -2.1907
 760.20   -2.0371
 761.20   -1.8390
 762.00   -1.7179
 763.00   -1.7340
 764.00   -1.8068
 765.10   -1.7382
 766.10   -1.7907
 766.90   -1.7421
 767.60   -1.6693
 768.80   -1.5765
 770.20   -1.4796
 771.60   -1.4390
 773.20   -1.3018
 775.00   -1.0754
 776.60   -1.0068
 777.80   -0.8573
 779.60   -0.5543
 781.20   -0.5098
 782.60   -0.5784
 784.20   -0.8087
 785.80   -1.0309
 786.60   -1.2532
 787.80   -1.3865
 789.00   -1.7784
 789.80   -1.7301
 790.80   -1.9401
 792.40   -2.1907
 793.60   -2.3846
 794.70   -2.2834
 795.90   -2.3482
 797.10   -2.2915
 797.90   -2.2351
 798.70   -2.2271
 800.10   -2.1018
