 Time(kyBP) F_GHG(W/m2)
     0.0    0.4743
     0.2    0.4581
     0.4    0.4105
     0.6    0.4143
     0.8    0.3992
     1.0    0.3769
     1.2    0.3792
     1.4    0.3784
     1.6    0.3627
     1.8    0.3533
     2.0    0.3387
     2.2    0.3369
     2.4    0.3263
     2.6    0.3243
     2.8    0.2679
     3.0    0.2189
     3.2    0.1734
     3.4    0.1295
     3.6    0.0795
     3.8    0.0336
     4.0   -0.0443
     4.2   -0.1011
     4.4   -0.1165
     4.6   -0.1354
     4.8   -0.1429
     5.0   -0.1619
     5.2   -0.1724
     5.4   -0.1730
     5.6   -0.1747
     5.8   -0.1864
     6.0   -0.1895
     6.2   -0.1961
     6.4   -0.2002
     6.6   -0.2028
     6.8   -0.2100
     7.0   -0.2396
     7.2   -0.2715
     7.4   -0.3034
     7.6   -0.3352
     7.8   -0.3765
     8.0   -0.3501
     8.2   -0.2967
     8.4   -0.2557
     8.6   -0.2173
     8.8   -0.2001
     9.0   -0.1943
     9.2   -0.1846
     9.4   -0.1687
     9.6   -0.1514
     9.8   -0.1551
    10.0   -0.1282
    10.2   -0.1270
    10.4   -0.1339
    10.6   -0.1240
    10.8   -0.0956
    11.0   -0.1324
    11.2   -0.3431
    11.4   -0.7147
    11.6   -0.8634
    11.8   -0.9452
    12.0   -0.9822
    12.2   -0.9452
    12.4   -0.8532
    12.6   -0.8105
    12.8   -0.8049
    13.0   -0.7925
    13.2   -0.8185
    13.4   -0.8731
    13.6   -0.9667
    13.8   -1.0746
    14.0   -1.2047
    14.2   -1.3391
    14.4   -1.4157
    14.6   -1.4637
    14.8   -1.5032
    15.0   -1.5348
    15.2   -1.5939
    15.4   -1.6479
    15.6   -1.6894
    15.8   -1.7338
    16.0   -1.7909
    16.2   -1.8530
    16.4   -1.9137
    16.6   -1.9619
    16.8   -2.0164
    17.0   -2.0719
    17.2   -2.1314
    17.4   -2.1853
    17.6   -2.2245
    17.8   -2.2788
    18.0   -2.3208
    18.2   -2.3638
    18.4   -2.4122
    18.6   -2.4597
    18.8   -2.5046
    19.0   -2.5478
    19.2   -2.6039
    19.4   -2.6584
    19.6   -2.7065
    19.8   -2.7608
    20.0   -2.7851
    20.2   -2.7750
    20.4   -2.7549
    20.6   -2.7471
    20.8   -2.7300
    21.0   -2.7283
    21.2   -2.7228
    21.4   -2.7050
    21.6   -2.6867
    21.8   -2.6706
    22.0   -2.6527
    22.2   -2.6173
    22.4   -2.5801
    22.6   -2.5433
    22.8   -2.5307
    23.0   -2.5371
    23.2   -2.5282
    23.4   -2.5235
    23.6   -2.5204
    23.8   -2.5111
    24.0   -2.5152
    24.2   -2.5365
    24.4   -2.5331
    24.6   -2.5087
    24.8   -2.4991
    25.0   -2.5090
    25.2   -2.5063
    25.4   -2.5046
    25.6   -2.5058
    25.8   -2.5111
    26.0   -2.4973
    26.2   -2.4877
    26.4   -2.4796
    26.6   -2.4732
    26.8   -2.4839
    27.0   -2.4967
    27.2   -2.4973
    27.4   -2.4909
    27.6   -2.4738
    27.8   -2.5017
    28.0   -2.5260
    28.2   -2.5170
    28.4   -2.5120
    28.6   -2.4956
    28.8   -2.4891
    29.0   -2.5382
    29.2   -2.5618
    29.4   -2.5480
    29.6   -2.5088
    29.8   -2.4739
    30.0   -2.4476
    30.2   -2.4328
    30.4   -2.4052
    30.6   -2.3785
    30.8   -2.3657
    31.0   -2.3620
    31.2   -2.3317
    31.4   -2.3034
    31.6   -2.2746
    31.8   -2.2459
    32.0   -2.1984
    32.2   -2.1799
    32.4   -2.1964
    32.6   -2.2056
    32.8   -2.1805
    33.0   -2.1436
    33.2   -2.1075
    33.4   -2.0732
    33.6   -2.0357
    33.8   -2.0811
    34.0   -2.0671
    34.2   -2.0396
    34.4   -2.0162
    34.6   -1.9567
    34.8   -1.8900
    35.0   -1.8646
    35.2   -1.8830
    35.4   -1.9591
    35.6   -1.9374
    35.8   -1.9349
    36.0   -1.9107
    36.2   -1.8820
    36.4   -1.8456
    36.6   -1.7878
    36.8   -1.7598
    37.0   -1.7310
    37.2   -1.7019
    37.4   -1.6833
    37.6   -1.7064
    37.8   -1.7264
    38.0   -1.7561
    38.2   -1.8123
    38.4   -1.8413
    38.6   -1.8334
    38.8   -1.8264
    39.0   -1.8372
    39.2   -1.8324
    39.4   -1.8417
    39.6   -1.8606
    39.8   -1.8750
    40.0   -1.8696
    40.2   -1.8407
    40.4   -1.8602
    40.6   -1.8751
    40.8   -1.8602
    41.0   -1.8585
    41.2   -1.8294
    41.4   -1.8094
    41.6   -1.8146
    41.8   -1.8468
    42.0   -1.8676
    42.2   -1.8745
    42.4   -1.8481
    42.6   -1.8288
    42.8   -1.8118
    43.0   -1.7897
    43.2   -1.7973
    43.4   -1.8324
    43.6   -1.8888
    43.8   -1.9272
    44.0   -1.9479
    44.2   -1.9667
    44.4   -1.9958
    44.6   -1.9930
    44.8   -2.0132
    45.0   -2.0457
    45.2   -2.0551
    45.4   -2.1015
    45.6   -2.1238
    45.8   -2.1386
    46.0   -2.1657
    46.2   -2.1967
    46.4   -2.2187
    46.6   -2.2657
    46.8   -2.3219
    47.0   -2.4038
    47.2   -2.4467
    47.4   -2.4794
    47.6   -2.4802
    47.8   -2.4684
    48.0   -2.4737
    48.2   -2.5114
    48.4   -2.5079
    48.6   -2.5004
    48.8   -2.4790
    49.0   -2.3419
    49.2   -2.1735
    49.4   -2.0346
    49.6   -1.8798
    49.8   -1.7531
    50.0   -1.7028
    50.2   -1.6819
    50.4   -1.6328
    50.6   -1.5914
    50.8   -1.6252
    51.0   -1.7015
    51.2   -1.7781
    51.4   -1.8471
    51.6   -1.9560
    51.8   -2.0437
    52.0   -2.1338
    52.2   -2.2135
    52.4   -2.2643
    52.6   -2.2547
    52.8   -2.2223
    53.0   -2.1798
    53.2   -2.1355
    53.4   -2.1158
    53.6   -2.1370
    53.8   -2.1296
    54.0   -2.0890
    54.2   -2.0375
    54.4   -1.9765
    54.6   -1.9255
    54.8   -1.8747
    55.0   -1.8026
    55.2   -1.7842
    55.4   -1.7722
    55.6   -1.7161
    55.8   -1.6405
    56.0   -1.5977
    56.2   -1.5284
    56.4   -1.4710
    56.6   -1.4304
    56.8   -1.3931
    57.0   -1.3539
    57.2   -1.4082
    57.4   -1.5415
    57.6   -1.6694
    57.8   -1.6993
    58.0   -1.6872
    58.2   -1.7207
    58.4   -1.7792
    58.6   -1.7900
    58.8   -1.8582
    59.0   -1.9137
    59.2   -1.9411
    59.4   -1.9661
    59.6   -1.9910
    59.8   -1.9950
    60.0   -2.0218
    60.2   -2.0438
    60.4   -2.0613
    60.6   -2.0875
    60.8   -2.1062
    61.0   -2.1092
    61.2   -2.1295
    61.4   -2.1483
    61.6   -2.1667
    61.8   -2.1800
    62.0   -2.1956
    62.2   -2.2205
    62.4   -2.2310
    62.6   -2.2417
    62.8   -2.2581
    63.0   -2.2585
    63.2   -2.2543
    63.4   -2.2488
    63.6   -2.2541
    63.8   -2.2756
    64.0   -2.3365
    64.2   -2.3548
    64.4   -2.3582
    64.6   -2.3519
    64.8   -2.3590
    65.0   -2.3612
    65.2   -2.3426
    65.4   -2.3118
    65.6   -2.2790
    65.8   -2.2764
    66.0   -2.2595
    66.2   -2.2073
    66.4   -2.1720
    66.6   -2.1333
    66.8   -2.0868
    67.0   -2.0514
    67.2   -2.0066
    67.4   -1.9551
    67.6   -1.9073
    67.8   -1.8722
    68.0   -1.8567
    68.2   -1.8199
    68.4   -1.7728
    68.6   -1.7240
    68.8   -1.6886
    69.0   -1.6609
    69.2   -1.6233
    69.4   -1.5886
    69.6   -1.5581
    69.8   -1.4959
    70.0   -1.4470
    70.2   -1.4254
    70.4   -1.3927
    70.6   -1.3520
    70.8   -1.3104
    71.0   -1.2975
    71.2   -1.3122
    71.4   -1.3212
    71.6   -1.3161
    71.8   -1.3114
    72.0   -1.2950
    72.2   -1.2720
    72.4   -1.2674
    72.6   -1.2669
    72.8   -1.2661
    73.0   -1.2598
    73.2   -1.2540
    73.4   -1.2671
    73.6   -1.2764
    73.8   -1.2837
    74.0   -1.2961
    74.2   -1.3121
    74.4   -1.3233
    74.6   -1.3564
    74.8   -1.4144
    75.0   -1.4529
    75.2   -1.4678
    75.4   -1.4761
    75.6   -1.4816
    75.8   -1.4990
    76.0   -1.5201
    76.2   -1.5009
    76.4   -1.5243
    76.6   -1.5563
    76.8   -1.5700
    77.0   -1.5610
    77.2   -1.5551
    77.4   -1.5387
    77.6   -1.5315
    77.8   -1.4979
    78.0   -1.4597
    78.2   -1.4219
    78.4   -1.3888
    78.6   -1.3582
    78.8   -1.3238
    79.0   -1.2935
    79.2   -1.2703
    79.4   -1.2460
    79.6   -1.2050
    79.8   -1.1590
    80.0   -1.1460
    80.2   -1.1326
    80.4   -1.1023
    80.6   -1.0812
    80.8   -1.0497
    81.0   -0.9922
    81.2   -0.9549
    81.4   -0.9171
    81.6   -0.8855
    81.8   -0.8623
    82.0   -0.8044
    82.2   -0.7626
    82.4   -0.7356
    82.6   -0.7481
    82.8   -0.7687
    83.0   -0.7930
    83.2   -0.8701
    83.4   -0.9700
    83.6   -1.0763
    83.8   -1.1725
    84.0   -1.2592
    84.2   -1.3385
    84.4   -1.4329
    84.6   -1.5140
    84.8   -1.5940
    85.0   -1.6695
    85.2   -1.6639
    85.4   -1.6475
    85.6   -1.6483
    85.8   -1.6517
    86.0   -1.6297
    86.2   -1.5899
    86.4   -1.6434
    86.6   -1.6756
    86.8   -1.6942
    87.0   -1.7233
    87.2   -1.7313
    87.4   -1.7363
    87.6   -1.7453
    87.8   -1.7752
    88.0   -1.7763
    88.2   -1.7334
    88.4   -1.6981
    88.6   -1.6649
    88.8   -1.6308
    89.0   -1.5931
    89.2   -1.5663
    89.4   -1.5436
    89.6   -1.5172
    89.8   -1.4884
    90.0   -1.4597
    90.2   -1.4262
    90.4   -1.3885
    90.6   -1.3513
    90.8   -1.3326
    91.0   -1.3265
    91.2   -1.3058
    91.4   -1.2850
    91.6   -1.2690
    91.8   -1.2635
    92.0   -1.2660
    92.2   -1.2629
    92.4   -1.2546
    92.6   -1.2442
    92.8   -1.2392
    93.0   -1.2348
    93.2   -1.2302
    93.4   -1.2248
    93.6   -1.2132
    93.8   -1.2087
    94.0   -1.2013
    94.2   -1.1798
    94.4   -1.1894
    94.6   -1.1883
    94.8   -1.1907
    95.0   -1.2069
    95.2   -1.2190
    95.4   -1.2119
    95.6   -1.2037
    95.8   -1.1963
    96.0   -1.1840
    96.2   -1.1914
    96.4   -1.1927
    96.6   -1.1858
    96.8   -1.1868
    97.0   -1.1999
    97.2   -1.2122
    97.4   -1.2163
    97.6   -1.2082
    97.8   -1.2106
    98.0   -1.2132
    98.2   -1.2158
    98.4   -1.2200
    98.6   -1.2168
    98.8   -1.2181
    99.0   -1.2228
    99.2   -1.2295
    99.4   -1.2362
    99.6   -1.2403
    99.8   -1.2419
   100.0   -1.2230
   100.2   -1.1835
   100.4   -1.1497
   100.6   -1.1283
   100.8   -1.0946
   101.0   -1.0601
   101.2   -1.0291
   101.4   -0.9916
   101.6   -0.9780
   101.8   -0.9819
   102.0   -1.0202
   102.2   -1.0358
   102.4   -1.0812
   102.6   -1.1313
   102.8   -1.1614
   103.0   -1.1726
   103.2   -1.1797
   103.4   -1.1921
   103.6   -1.1492
   103.8   -1.0816
   104.0   -1.0302
   104.2   -0.9832
   104.4   -0.9381
   104.6   -0.8860
   104.8   -0.8758
   105.0   -0.9172
   105.2   -0.9678
   105.4   -1.0101
   105.6   -1.0151
   105.8   -0.9982
   106.0   -0.9883
   106.2   -0.9725
   106.4   -0.9558
   106.6   -0.9616
   106.8   -1.0229
   107.0   -1.0498
   107.2   -1.0501
   107.4   -1.0187
   107.6   -0.9822
   107.8   -0.9142
   108.0   -0.8398
   108.2   -0.7788
   108.4   -0.7523
   108.6   -0.7262
   108.8   -0.6950
   109.0   -0.6688
   109.2   -0.6594
   109.4   -0.6425
   109.6   -0.6156
   109.8   -0.5994
   110.0   -0.5889
   110.2   -0.5745
   110.4   -0.5635
   110.6   -0.5592
   110.8   -0.5469
   111.0   -0.5335
   111.2   -0.5367
   111.4   -0.5328
   111.6   -0.5189
   111.8   -0.5153
   112.0   -0.5003
   112.2   -0.4682
   112.4   -0.4316
   112.6   -0.3913
   112.8   -0.3544
   113.0   -0.3223
   113.2   -0.3005
   113.4   -0.3089
   113.6   -0.3207
   113.8   -0.3470
   114.0   -0.3749
   114.2   -0.3223
   114.4   -0.1963
   114.6   -0.0896
   114.8   -0.0846
   115.0   -0.0941
   115.2   -0.0923
   115.4   -0.1223
   115.6   -0.1609
   115.8   -0.1944
   116.0   -0.2353
   116.2   -0.2693
   116.4   -0.2936
   116.6   -0.2816
   116.8   -0.2463
   117.0   -0.2299
   117.2   -0.2083
   117.4   -0.1797
   117.6   -0.1588
   117.8   -0.1353
   118.0   -0.1040
   118.2   -0.0467
   118.4   -0.0107
   118.6    0.0184
   118.8    0.0300
   119.0    0.0251
   119.2    0.0246
   119.4   -0.0021
   119.6   -0.0124
   119.8   -0.0461
   120.0   -0.0854
   120.2   -0.1325
   120.4   -0.1421
   120.6   -0.0364
   120.8    0.0616
   121.0    0.1349
   121.2    0.1414
   121.4    0.1294
   121.6    0.1055
   121.8    0.0830
   122.0    0.0672
   122.2    0.0473
   122.4    0.0401
   122.6    0.0616
   122.8    0.0948
   123.0    0.1228
   123.2    0.1152
   123.4    0.0899
   123.6    0.0591
   123.8    0.0235
   124.0   -0.0060
   124.2   -0.0444
   124.4   -0.0825
   124.6   -0.0777
   124.8   -0.0470
   125.0    0.1572
   125.2    0.1522
   125.4    0.1673
   125.6    0.1870
   125.8    0.1734
   126.0    0.1513
   126.2    0.1376
   126.4    0.0801
   126.6   -0.0371
   126.8   -0.1155
   127.0   -0.1501
   127.2   -0.0857
   127.4    0.0482
   127.6    0.1663
   127.8    0.2075
   128.0    0.2180
   128.2    0.2005
   128.4    0.4115
   128.6    0.4750
   128.8    0.3019
   129.0   -0.0117
   129.2   -0.2278
   129.4   -0.2690
   129.6   -0.3687
   129.8   -0.4054
   130.0   -0.4542
   130.2   -0.5083
   130.4   -0.5351
   130.6   -0.5792
   130.8   -0.6490
   131.0   -0.7028
   131.2   -0.7441
   131.4   -0.8462
   131.6   -1.0735
   131.8   -1.2532
   132.0   -1.3035
   132.2   -1.3388
   132.4   -1.3774
   132.6   -1.3939
   132.8   -1.3910
   133.0   -1.3994
   133.2   -1.5814
   133.4   -1.7179
   133.6   -1.7364
   133.8   -1.7916
   134.0   -1.8510
   134.2   -1.9342
   134.4   -2.0107
   134.6   -2.0154
   134.8   -2.0213
   135.0   -2.0633
   135.2   -2.2079
   135.4   -2.2406
   135.6   -2.2433
   135.8   -2.1814
   136.0   -2.1560
   136.2   -2.1179
   136.4   -2.1921
   136.6   -2.2413
   136.8   -2.2226
   137.0   -2.2860
   137.2   -2.3458
   137.4   -2.3787
   137.6   -2.3892
   137.8   -2.3808
   138.0   -2.3865
   138.2   -2.4745
   138.4   -2.4706
   138.6   -2.4752
   138.8   -2.4881
   139.0   -2.4626
   139.2   -2.4154
   139.4   -2.3359
   139.6   -2.2914
   139.8   -2.3193
   140.0   -2.3562
   140.2   -2.3711
   140.4   -2.3840
   140.6   -2.3919
   140.8   -2.3928
   141.0   -2.3783
   141.2   -2.4028
   141.4   -2.4323
   141.6   -2.4623
   141.8   -2.4926
   142.0   -2.5222
   142.2   -2.5200
   142.4   -2.5037
   142.6   -2.4872
   142.8   -2.4704
   143.0   -2.4515
   143.2   -2.4318
   143.4   -2.4115
   143.6   -2.3911
   143.8   -2.3715
   144.0   -2.3582
   144.2   -2.3460
   144.4   -2.3399
   144.6   -2.3412
   144.8   -2.3414
   145.0   -2.3256
   145.2   -2.3052
   145.4   -2.2856
   145.6   -2.2687
   145.8   -2.2525
   146.0   -2.2364
   146.2   -2.2202
   146.4   -2.2037
   146.6   -2.1876
   146.8   -2.1716
   147.0   -2.1557
   147.2   -2.1424
   147.4   -2.1300
   147.6   -2.1069
   147.8   -2.0718
   148.0   -2.0397
   148.2   -2.0394
   148.4   -2.0493
   148.6   -2.0553
   148.8   -2.0492
   149.0   -2.1003
   149.2   -2.1693
   149.4   -2.2364
   149.6   -2.3058
   149.8   -2.4045
   150.0   -2.4922
   150.2   -2.4563
   150.4   -2.4081
   150.6   -2.3595
   150.8   -2.2980
   151.0   -2.2318
   151.2   -2.1699
   151.4   -2.1301
   151.6   -2.1453
   151.8   -2.1714
   152.0   -2.1938
   152.2   -2.2162
   152.4   -2.2411
   152.6   -2.2730
   152.8   -2.3051
   153.0   -2.3351
   153.2   -2.3653
   153.4   -2.3935
   153.6   -2.4177
   153.8   -2.4418
   154.0   -2.4681
   154.2   -2.4978
   154.4   -2.5276
   154.6   -2.5573
   154.8   -2.5869
   155.0   -2.6158
   155.2   -2.6324
   155.4   -2.6386
   155.6   -2.6051
   155.8   -2.5763
   156.0   -2.5497
   156.2   -2.5201
   156.4   -2.4814
   156.6   -2.4419
   156.8   -2.4063
   157.0   -2.3847
   157.2   -2.3649
   157.4   -2.3447
   157.6   -2.3141
   157.8   -2.2809
   158.0   -2.2484
   158.2   -2.2207
   158.4   -2.1942
   158.6   -2.1591
   158.8   -2.1126
   159.0   -2.0709
   159.2   -2.0574
   159.4   -2.0489
   159.6   -2.0623
   159.8   -2.1777
   160.0   -2.2690
   160.2   -2.2911
   160.4   -2.3114
   160.6   -2.3310
   160.8   -2.3453
   161.0   -2.3581
   161.2   -2.3714
   161.4   -2.3882
   161.6   -2.4130
   161.8   -2.4341
   162.0   -2.4392
   162.2   -2.4427
   162.4   -2.4665
   162.6   -2.5104
   162.8   -2.5544
   163.0   -2.5847
   163.2   -2.6101
   163.4   -2.6389
   163.6   -2.6781
   163.8   -2.6438
   164.0   -2.5391
   164.2   -2.4316
   164.4   -2.3303
   164.6   -2.2995
   164.8   -2.2782
   165.0   -2.2566
   165.2   -2.2396
   165.4   -2.2320
   165.6   -2.2249
   165.8   -2.2166
   166.0   -2.2065
   166.2   -2.1961
   166.4   -2.1831
   166.6   -2.1674
   166.8   -2.1515
   167.0   -2.1385
   167.2   -2.1293
   167.4   -2.1223
   167.6   -2.1194
   167.8   -2.1194
   168.0   -2.1221
   168.2   -2.1449
   168.4   -2.1728
   168.6   -2.1768
   168.8   -2.1600
   169.0   -2.1476
   169.2   -2.1605
   169.4   -2.1778
   169.6   -2.1928
   169.8   -2.1969
   170.0   -2.2004
   170.2   -2.2009
   170.4   -2.1912
   170.6   -2.1811
   170.8   -2.1754
   171.0   -2.1820
   171.2   -2.1896
   171.4   -2.2079
   171.6   -2.2515
   171.8   -2.2965
   172.0   -2.3422
   172.2   -2.3878
   172.4   -2.4311
   172.6   -2.4408
   172.8   -2.4407
   173.0   -2.4406
   173.2   -2.4392
   173.4   -2.4308
   173.6   -2.3894
   173.8   -2.3219
   174.0   -2.2485
   174.2   -2.1769
   174.4   -2.1116
   174.6   -2.0473
   174.8   -1.9866
   175.0   -1.9322
   175.2   -1.8785
   175.4   -1.8383
   175.6   -1.8082
   175.8   -1.7780
   176.0   -1.7475
   176.2   -1.7124
   176.4   -1.6763
   176.6   -1.6406
   176.8   -1.6152
   177.0   -1.5960
   177.2   -1.5744
   177.4   -1.5515
   177.6   -1.5303
   177.8   -1.5126
   178.0   -1.5094
   178.2   -1.5352
   178.4   -1.6685
   178.6   -1.7960
   178.8   -1.9211
   179.0   -2.0541
   179.2   -2.1375
   179.4   -2.1396
   179.6   -2.1361
   179.8   -2.1120
   180.0   -2.0860
   180.2   -2.0607
   180.4   -2.0448
   180.6   -2.0309
   180.8   -2.0173
   181.0   -2.0040
   181.2   -1.9920
   181.4   -1.9808
   181.6   -1.9666
   181.8   -1.9445
   182.0   -1.9217
   182.2   -1.8954
   182.4   -1.8736
   182.6   -1.8559
   182.8   -1.8379
   183.0   -1.8204
   183.2   -1.8031
   183.4   -1.7855
   183.6   -1.7682
   183.8   -1.7551
   184.0   -1.7475
   184.2   -1.7404
   184.4   -1.7378
   184.6   -1.7360
   184.8   -1.7089
   185.0   -1.6575
   185.2   -1.6042
   185.4   -1.5512
   185.6   -1.4982
   185.8   -1.4444
   186.0   -1.3913
   186.2   -1.3384
   186.4   -1.2856
   186.6   -1.2334
   186.8   -1.2098
   187.0   -1.2096
   187.2   -1.2043
   187.4   -1.1987
   187.6   -1.1907
   187.8   -1.1824
   188.0   -1.1827
   188.2   -1.1994
   188.4   -1.2216
   188.6   -1.3037
   188.8   -1.4012
   189.0   -1.4991
   189.2   -1.5403
   189.4   -1.5464
   189.6   -1.5513
   189.8   -1.5477
   190.0   -1.5429
   190.2   -1.5386
   190.4   -1.5360
   190.6   -1.5175
   190.8   -1.4979
   191.0   -1.4786
   191.2   -1.4517
   191.4   -1.4211
   191.6   -1.3908
   191.8   -1.3634
   192.0   -1.3363
   192.2   -1.3155
   192.4   -1.3005
   192.6   -1.2858
   192.8   -1.2713
   193.0   -1.2938
   193.2   -1.3620
   193.4   -1.4328
   193.6   -1.4536
   193.8   -1.4385
   194.0   -1.4169
   194.2   -1.3864
   194.4   -1.3561
   194.6   -1.3199
   194.8   -1.2774
   195.0   -1.2270
   195.2   -1.1122
   195.4   -0.9879
   195.6   -0.8659
   195.8   -0.8065
   196.0   -0.7854
   196.2   -0.7633
   196.4   -0.7403
   196.6   -0.7170
   196.8   -0.6905
   197.0   -0.6638
   197.2   -0.6440
   197.4   -0.6331
   197.6   -0.6200
   197.8   -0.5961
   198.0   -0.5715
   198.2   -0.5495
   198.4   -0.5282
   198.6   -0.4913
   198.8   -0.4470
   199.0   -0.4425
   199.2   -0.5209
   199.4   -0.6050
   199.6   -0.6897
   199.8   -0.7756
   200.0   -0.8198
   200.2   -0.8053
   200.4   -0.7861
   200.6   -0.7565
   200.8   -0.7238
   201.0   -0.6847
   201.2   -0.6570
   201.4   -0.6651
   201.6   -0.6773
   201.8   -0.7147
   202.0   -0.7651
   202.2   -0.8048
   202.4   -0.8211
   202.6   -0.9317
   202.8   -1.0860
   203.0   -1.1634
   203.2   -1.1831
   203.4   -1.1839
   203.6   -1.1941
   203.8   -1.2099
   204.0   -1.2434
   204.2   -1.2777
   204.4   -1.3043
   204.6   -1.2768
   204.8   -1.2243
   205.0   -1.1858
   205.2   -1.1602
   205.4   -1.1247
   205.6   -1.0574
   205.8   -0.9886
   206.0   -0.9541
   206.2   -0.9964
   206.4   -1.0592
   206.6   -1.1121
   206.8   -1.1403
   207.0   -0.9866
   207.2   -0.8642
   207.4   -0.8391
   207.6   -0.8215
   207.8   -0.8005
   208.0   -0.7732
   208.2   -0.7720
   208.4   -0.7530
   208.6   -0.7244
   208.8   -0.6782
   209.0   -0.5772
   209.2   -0.6047
   209.4   -0.6584
   209.6   -0.7413
   209.8   -0.7999
   210.0   -0.5796
   210.2   -0.4118
   210.4   -0.5088
   210.6   -0.6115
   210.8   -0.6955
   211.0   -0.6710
   211.2   -0.6252
   211.4   -0.5841
   211.6   -0.5539
   211.8   -0.5250
   212.0   -0.5513
   212.2   -0.6069
   212.4   -0.6637
   212.6   -0.7220
   212.8   -0.7637
   213.0   -0.7808
   213.2   -0.7950
   213.4   -0.7696
   213.6   -0.7185
   213.8   -0.6541
   214.0   -0.5918
   214.2   -0.5534
   214.4   -0.5243
   214.6   -0.5234
   214.8   -0.5346
   215.0   -0.5844
   215.2   -0.6656
   215.4   -0.7447
   215.6   -0.7997
   215.8   -0.8514
   216.0   -0.8870
   216.2   -0.9009
   216.4   -0.9294
   216.6   -1.0070
   216.8   -1.0899
   217.0   -1.1739
   217.2   -1.2541
   217.4   -1.3201
   217.6   -1.3977
   217.8   -1.4647
   218.0   -1.5348
   218.2   -1.5994
   218.4   -1.6247
   218.6   -1.6343
   218.8   -1.6285
   219.0   -1.6014
   219.2   -1.5978
   219.4   -1.6364
   219.6   -1.6709
   219.8   -1.7170
   220.0   -1.8186
   220.2   -1.8403
   220.4   -1.8194
   220.6   -1.7986
   220.8   -1.7922
   221.0   -1.8070
   221.2   -1.8135
   221.4   -1.8245
   221.6   -1.8430
   221.8   -1.8548
   222.0   -1.8610
   222.2   -1.8502
   222.4   -1.8520
   222.6   -1.8617
   222.8   -1.8534
   223.0   -1.8635
   223.2   -1.9079
   223.4   -1.9406
   223.6   -1.9592
   223.8   -1.9352
   224.0   -1.9378
   224.2   -1.9583
   224.4   -1.8907
   224.6   -1.7621
   224.8   -1.6300
   225.0   -1.5003
   225.2   -1.3754
   225.4   -1.2524
   225.6   -1.1314
   225.8   -1.0119
   226.0   -0.9586
   226.2   -0.9807
   226.4   -0.9835
   226.6   -0.9818
   226.8   -1.0061
   227.0   -1.0552
   227.2   -1.1292
   227.4   -1.1934
   227.6   -1.2598
   227.8   -1.3161
   228.0   -1.2899
   228.2   -1.2462
   228.4   -1.2289
   228.6   -1.2212
   228.8   -1.2087
   229.0   -1.1912
   229.2   -1.1646
   229.4   -1.1470
   229.6   -1.1330
   229.8   -1.1191
   230.0   -1.0923
   230.2   -1.0688
   230.4   -1.0886
   230.6   -1.0698
   230.8   -1.0360
   231.0   -0.9779
   231.2   -0.9443
   231.4   -0.9355
   231.6   -0.9311
   231.8   -0.9273
   232.0   -0.9199
   232.2   -0.9105
   232.4   -0.8996
   232.6   -0.8969
   232.8   -0.8990
   233.0   -0.9066
   233.2   -0.8988
   233.4   -0.8772
   233.6   -0.8523
   233.8   -0.8670
   234.0   -0.8743
   234.2   -0.8703
   234.4   -0.8573
   234.6   -0.8345
   234.8   -0.7769
   235.0   -0.7207
   235.2   -0.6986
   235.4   -0.6338
   235.6   -0.6453
   235.8   -0.7173
   236.0   -0.8138
   236.2   -0.8472
   236.4   -0.7733
   236.6   -0.7137
   236.8   -0.6838
   237.0   -0.6978
   237.2   -0.7416
   237.4   -0.7769
   237.6   -0.8172
   237.8   -0.8453
   238.0   -0.8170
   238.2   -0.7653
   238.4   -0.7209
   238.6   -0.6871
   238.8   -0.6656
   239.0   -0.6673
   239.2   -0.6413
   239.4   -0.6305
   239.6   -0.5838
   239.8   -0.5095
   240.0   -0.4488
   240.2   -0.4053
   240.4   -0.3675
   240.6   -0.3223
   240.8   -0.2832
   241.0   -0.2405
   241.2   -0.1850
   241.4   -0.1012
   241.6    0.0113
   241.8    0.1357
   242.0    0.2595
   242.2    0.1850
   242.4    0.1006
   242.6   -0.0183
   242.8   -0.1166
   243.0   -0.2074
   243.2   -0.3484
   243.4   -0.4879
   243.6   -0.5405
   243.8   -0.5798
   244.0   -0.6934
   244.2   -0.8436
   244.4   -0.9650
   244.6   -1.0374
   244.8   -1.1094
   245.0   -1.2164
   245.2   -1.3297
   245.4   -1.4384
   245.6   -1.4817
   245.8   -1.5090
   246.0   -1.5232
   246.2   -1.5252
   246.4   -1.5181
   246.6   -1.5185
   246.8   -1.5342
   247.0   -1.5205
   247.2   -1.5211
   247.4   -1.5433
   247.6   -1.5632
   247.8   -1.5887
   248.0   -1.6126
   248.2   -1.6680
   248.4   -1.7372
   248.6   -1.7969
   248.8   -1.8394
   249.0   -1.9099
   249.2   -1.9847
   249.4   -2.0236
   249.6   -2.0581
   249.8   -2.0919
   250.0   -2.1292
   250.2   -2.1222
   250.4   -2.0162
   250.6   -1.9049
   250.8   -1.8138
   251.0   -1.7532
   251.2   -1.8583
   251.4   -1.9963
   251.6   -2.1368
   251.8   -2.2760
   252.0   -2.3195
   252.2   -2.3125
   252.4   -2.3024
   252.6   -2.2917
   252.8   -2.2852
   253.0   -2.2927
   253.2   -2.3036
   253.4   -2.3038
   253.6   -2.2920
   253.8   -2.2750
   254.0   -2.2635
   254.2   -2.2548
   254.4   -2.2464
   254.6   -2.2443
   254.8   -2.2377
   255.0   -2.2016
   255.2   -2.1735
   255.4   -2.1732
   255.6   -2.1606
   255.8   -2.1221
   256.0   -2.0821
   256.2   -2.0393
   256.4   -2.0123
   256.6   -2.0017
   256.8   -1.9818
   257.0   -1.9540
   257.2   -1.9493
   257.4   -1.9632
   257.6   -1.9797
   257.8   -1.9671
   258.0   -1.9474
   258.2   -1.9294
   258.4   -1.9171
   258.6   -1.9143
   258.8   -1.9097
   259.0   -1.9169
   259.2   -1.9404
   259.4   -1.9201
   259.6   -1.8712
   259.8   -1.8507
   260.0   -1.8468
   260.2   -1.8394
   260.4   -1.8454
   260.6   -1.8735
   260.8   -1.9029
   261.0   -1.9209
   261.2   -1.9114
   261.4   -1.9130
   261.6   -1.9077
   261.8   -1.8795
   262.0   -1.8462
   262.2   -1.7918
   262.4   -1.7343
   262.6   -1.6926
   262.8   -1.6466
   263.0   -1.5859
   263.2   -1.5360
   263.4   -1.5225
   263.6   -1.5084
   263.8   -1.4924
   264.0   -1.4511
   264.2   -1.4017
   264.4   -1.3650
   264.6   -1.4123
   264.8   -1.5426
   265.0   -1.6752
   265.2   -1.8211
   265.4   -1.9692
   265.6   -2.1073
   265.8   -2.0701
   266.0   -1.9650
   266.2   -1.8639
   266.4   -1.8640
   266.6   -2.0059
   266.8   -2.1164
   267.0   -2.2195
   267.2   -2.3464
   267.4   -2.4822
   267.6   -2.5296
   267.8   -2.5405
   268.0   -2.5458
   268.2   -2.5269
   268.4   -2.4682
   268.6   -2.4345
   268.8   -2.4046
   269.0   -2.3495
   269.2   -2.2897
   269.4   -2.2610
   269.6   -2.2424
   269.8   -2.2072
   270.0   -2.1712
   270.2   -2.1469
   270.4   -2.2208
   270.6   -2.3188
   270.8   -2.4028
   271.0   -2.4826
   271.2   -2.5660
   271.4   -2.5712
   271.6   -2.5387
   271.8   -2.5098
   272.0   -2.4685
   272.2   -2.4233
   272.4   -2.3840
   272.6   -2.3638
   272.8   -2.3542
   273.0   -2.3226
   273.2   -2.2886
   273.4   -2.2641
   273.6   -2.2614
   273.8   -2.2691
   274.0   -2.2748
   274.2   -2.2759
   274.4   -2.2658
   274.6   -2.2340
   274.8   -2.2010
   275.0   -2.1779
   275.2   -2.1627
   275.4   -2.1582
   275.6   -2.1776
   275.8   -2.1984
   276.0   -2.2182
   276.2   -2.2388
   276.4   -2.2482
   276.6   -2.2165
   276.8   -2.1759
   277.0   -2.1305
   277.2   -2.0729
   277.4   -2.0124
   277.6   -1.9887
   277.8   -1.9881
   278.0   -1.9887
   278.2   -1.9893
   278.4   -1.9822
   278.6   -1.9395
   278.8   -1.8969
   279.0   -1.8649
   279.2   -1.8330
   279.4   -1.7918
   279.6   -1.7393
   279.8   -1.6940
   280.0   -1.6715
   280.2   -1.6418
   280.4   -1.5968
   280.6   -1.5687
   280.8   -1.5414
   281.0   -1.5162
   281.2   -1.4929
   281.4   -1.4625
   281.6   -1.4250
   281.8   -1.3896
   282.0   -1.3602
   282.2   -1.3462
   282.4   -1.3545
   282.6   -1.3414
   282.8   -1.3011
   283.0   -1.2643
   283.2   -1.2302
   283.4   -1.1917
   283.6   -1.1528
   283.8   -1.1292
   284.0   -1.1368
   284.2   -1.1740
   284.4   -1.2064
   284.6   -1.2116
   284.8   -1.2226
   285.0   -1.2480
   285.2   -1.2594
   285.4   -1.2617
   285.6   -1.2626
   285.8   -1.2637
   286.0   -1.2683
   286.2   -1.2587
   286.4   -1.2250
   286.6   -1.1905
   286.8   -1.1552
   287.0   -1.1180
   287.2   -1.1100
   287.4   -1.1141
   287.6   -1.1230
   287.8   -1.1283
   288.0   -1.1212
   288.2   -1.1150
   288.4   -1.1122
   288.6   -1.0950
   288.8   -1.0701
   289.0   -1.0569
   289.2   -1.0473
   289.4   -1.0353
   289.6   -1.0191
   289.8   -0.9978
   290.0   -0.9959
   290.2   -1.0418
   290.4   -1.1906
   290.6   -1.3474
   290.8   -1.4658
   291.0   -1.5137
   291.2   -1.5593
   291.4   -1.5956
   291.6   -1.6454
   291.8   -1.7040
   292.0   -1.7646
   292.2   -1.8177
   292.4   -1.8659
   292.6   -1.8918
   292.8   -1.9087
   293.0   -1.9114
   293.2   -1.9007
   293.4   -1.8837
   293.6   -1.8645
   293.8   -1.8179
   294.0   -1.7692
   294.2   -1.7355
   294.4   -1.7023
   294.6   -1.6707
   294.8   -1.6538
   295.0   -1.6337
   295.2   -1.6130
   295.4   -1.5929
   295.6   -1.5757
   295.8   -1.5633
   296.0   -1.5492
   296.2   -1.5305
   296.4   -1.5640
   296.6   -1.5870
   296.8   -1.5905
   297.0   -1.5936
   297.2   -1.5728
   297.4   -1.5632
   297.6   -1.5656
   297.8   -1.5684
   298.0   -1.5434
   298.2   -1.4703
   298.4   -1.4078
   298.6   -1.3474
   298.8   -1.2899
   299.0   -1.2439
   299.2   -1.2072
   299.4   -1.1738
   299.6   -1.1418
   299.8   -1.1088
   300.0   -1.0627
   300.2   -1.0208
   300.4   -0.9967
   300.6   -0.9993
   300.8   -1.0087
   301.0   -0.9944
   301.2   -0.9599
   301.4   -0.9593
   301.6   -0.9861
   301.8   -1.0164
   302.0   -1.0372
   302.2   -1.0544
   302.4   -1.0462
   302.6   -1.0205
   302.8   -0.9909
   303.0   -0.9640
   303.2   -0.9402
   303.4   -0.9309
   303.6   -0.9177
   303.8   -0.9077
   304.0   -0.8995
   304.2   -0.8875
   304.4   -0.8274
   304.6   -0.7515
   304.8   -0.6746
   305.0   -0.6394
   305.2   -0.6444
   305.4   -0.6715
   305.6   -0.7071
   305.8   -0.7482
   306.0   -0.7753
   306.2   -0.7938
   306.4   -0.8114
   306.6   -0.8520
   306.8   -0.9321
   307.0   -1.0352
   307.2   -1.1536
   307.4   -1.2739
   307.6   -1.3277
   307.8   -1.3123
   308.0   -1.2982
   308.2   -1.2845
   308.4   -1.2698
   308.6   -1.2340
   308.8   -1.2296
   309.0   -1.2595
   309.2   -1.2900
   309.4   -1.3069
   309.6   -1.2684
   309.8   -1.2192
   310.0   -1.1698
   310.2   -1.1203
   310.4   -1.0613
   310.6   -1.0321
   310.8   -1.0128
   311.0   -0.9913
   311.2   -0.9390
   311.4   -0.9196
   311.6   -0.9132
   311.8   -0.9064
   312.0   -0.8905
   312.2   -0.8692
   312.4   -0.8477
   312.6   -0.8259
   312.8   -0.7616
   313.0   -0.6832
   313.2   -0.6123
   313.4   -0.5404
   313.6   -0.4829
   313.8   -0.4531
   314.0   -0.4248
   314.2   -0.3577
   314.4   -0.3098
   314.6   -0.3134
   314.8   -0.3182
   315.0   -0.3762
   315.2   -0.4561
   315.4   -0.5339
   315.6   -0.5434
   315.8   -0.3269
   316.0   -0.1346
   316.2    0.0077
   316.4   -0.1625
   316.6   -0.3683
   316.8   -0.5409
   317.0   -0.6570
   317.2   -0.7067
   317.4   -0.7526
   317.6   -0.7986
   317.8   -0.8501
   318.0   -0.8912
   318.2   -0.9600
   318.4   -1.0361
   318.6   -1.0610
   318.8   -0.9415
   319.0   -0.8148
   319.2   -0.6901
   319.4   -0.5683
   319.6   -0.5392
   319.8   -0.5708
   320.0   -0.6014
   320.2   -0.6323
   320.4   -0.6473
   320.6   -0.6179
   320.8   -0.5854
   321.0   -0.5531
   321.2   -0.5203
   321.4   -0.4983
   321.6   -0.4784
   321.8   -0.4529
   322.0   -0.4247
   322.2   -0.4079
   322.4   -0.3890
   322.6   -0.3540
   322.8   -0.3309
   323.0   -0.3243
   323.2   -0.3113
   323.4   -0.2930
   323.6   -0.2748
   323.8   -0.2876
   324.0   -0.2870
   324.2   -0.2786
   324.4   -0.2428
   324.6   -0.1905
   324.8   -0.1388
   325.0   -0.1022
   325.2   -0.1078
   325.4   -0.1152
   325.6   -0.1138
   325.8   -0.1201
   326.0   -0.1073
   326.2   -0.0965
   326.4   -0.0881
   326.6   -0.0456
   326.8   -0.0046
   327.0    0.0276
   327.2    0.0507
   327.4    0.0593
   327.6    0.0768
   327.8    0.1124
   328.0    0.1337
   328.2    0.1538
   328.4    0.1312
   328.6    0.0971
   328.8    0.0565
   329.0    0.0021
   329.2   -0.0443
   329.4   -0.0688
   329.6   -0.0642
   329.8   -0.0143
   330.0    0.0242
   330.2    0.0407
   330.4    0.0598
   330.6    0.0580
   330.8    0.0640
   331.0    0.0824
   331.2    0.0852
   331.4    0.1034
   331.6    0.1853
   331.8    0.2890
   332.0    0.4110
   332.2    0.5156
   332.4    0.5546
   332.6    0.6534
   332.8    0.7695
   333.0    0.7315
   333.2    0.4093
   333.4    0.1868
   333.6    0.2364
   333.8    0.3169
   334.0    0.3146
   334.2    0.2481
   334.4    0.1551
   334.6    0.0348
   334.8   -0.0573
   335.0   -0.2011
   335.2   -0.3499
   335.4   -0.4818
   335.6   -0.6085
   335.8   -0.7349
   336.0   -0.8182
   336.2   -0.8505
   336.4   -0.8821
   336.6   -0.8950
   336.8   -0.9243
   337.0   -0.9757
   337.2   -1.0263
   337.4   -1.0585
   337.6   -1.0334
   337.8   -1.0014
   338.0   -0.9697
   338.2   -0.9345
   338.4   -0.8949
   338.6   -0.8537
   338.8   -0.8020
   339.0   -0.7489
   339.2   -0.7022
   339.4   -0.7975
   339.6   -1.0252
   339.8   -1.2603
   340.0   -1.5035
   340.2   -1.7559
   340.4   -2.0149
   340.6   -2.0908
   340.8   -2.0822
   341.0   -2.0739
   341.2   -2.0657
   341.4   -2.0578
   341.6   -2.0442
   341.8   -2.0278
   342.0   -2.0319
   342.2   -2.0405
   342.4   -2.0487
   342.6   -2.0574
   342.8   -2.0655
   343.0   -2.0704
   343.2   -2.0742
   343.4   -2.0550
   343.6   -2.0153
   343.8   -1.9747
   344.0   -1.9344
   344.2   -1.8981
   344.4   -1.8669
   344.6   -1.8347
   344.8   -1.8003
   345.0   -1.7664
   345.2   -1.7323
   345.4   -1.6954
   345.6   -1.6504
   345.8   -1.6130
   346.0   -1.5864
   346.2   -1.5815
   346.4   -1.5789
   346.6   -1.5753
   346.8   -1.5628
   347.0   -1.5487
   347.2   -1.5368
   347.4   -1.5383
   347.6   -1.5423
   347.8   -1.5456
   348.0   -1.5341
   348.2   -1.5172
   348.4   -1.5146
   348.6   -1.5229
   348.8   -1.5318
   349.0   -1.5426
   349.2   -1.5942
   349.4   -1.6497
   349.6   -1.6765
   349.8   -1.7083
   350.0   -1.7456
   350.2   -1.7797
   350.4   -1.8029
   350.6   -1.8300
   350.8   -1.8593
   351.0   -1.8765
   351.2   -1.8743
   351.4   -1.8727
   351.6   -1.8802
   351.8   -1.8884
   352.0   -1.8915
   352.2   -1.8947
   352.4   -1.9167
   352.6   -1.9507
   352.8   -1.9809
   353.0   -2.0098
   353.2   -2.0394
   353.4   -2.0751
   353.6   -2.1125
   353.8   -2.1497
   354.0   -2.1810
   354.2   -2.2102
   354.4   -2.2396
   354.6   -2.2711
   354.8   -2.3062
   355.0   -2.3417
   355.2   -2.3771
   355.4   -2.4081
   355.6   -2.4357
   355.8   -2.4629
   356.0   -2.4861
   356.2   -2.5075
   356.4   -2.5291
   356.6   -2.5517
   356.8   -2.5750
   357.0   -2.5841
   357.2   -2.5805
   357.4   -2.5822
   357.6   -2.5849
   357.8   -2.5875
   358.0   -2.5927
   358.2   -2.5995
   358.4   -2.6060
   358.6   -2.6114
   358.8   -2.5917
   359.0   -2.5457
   359.2   -2.4982
   359.4   -2.4393
   359.6   -2.3789
   359.8   -2.3193
   360.0   -2.2813
   360.2   -2.2545
   360.4   -2.2282
   360.6   -2.1939
   360.8   -2.1487
   361.0   -2.1118
   361.2   -2.0942
   361.4   -2.0645
   361.6   -2.0317
   361.8   -2.0008
   362.0   -1.9938
   362.2   -1.9956
   362.4   -1.9959
   362.6   -1.9687
   362.8   -1.9323
   363.0   -1.8986
   363.2   -1.9031
   363.4   -1.9259
   363.6   -1.9643
   363.8   -1.9717
   364.0   -1.9656
   364.2   -1.9602
   364.4   -1.9725
   364.6   -1.9949
   364.8   -2.0172
   365.0   -2.0298
   365.2   -2.0212
   365.4   -2.0122
   365.6   -2.0105
   365.8   -2.0360
   366.0   -2.0645
   366.2   -2.0915
   366.4   -2.1070
   366.6   -2.1203
   366.8   -2.1325
   367.0   -2.1221
   367.2   -2.1034
   367.4   -2.0879
   367.6   -2.1024
   367.8   -2.1240
   368.0   -2.1018
   368.2   -2.0503
   368.4   -1.9929
   368.6   -1.9363
   368.8   -1.8767
   369.0   -1.8109
   369.2   -1.7455
   369.4   -1.6722
   369.6   -1.5996
   369.8   -1.5331
   370.0   -1.4818
   370.2   -1.4513
   370.4   -1.4211
   370.6   -1.3921
   370.8   -1.3647
   371.0   -1.3373
   371.2   -1.3153
   371.4   -1.2931
   371.6   -1.2710
   371.8   -1.2476
   372.0   -1.2205
   372.2   -1.1929
   372.4   -1.1666
   372.6   -1.1424
   372.8   -1.1330
   373.0   -1.1534
   373.2   -1.1960
   373.4   -1.2391
   373.6   -1.2585
   373.8   -1.2646
   374.0   -1.2710
   374.2   -1.2797
   374.4   -1.2907
   374.6   -1.3020
   374.8   -1.3118
   375.0   -1.3162
   375.2   -1.3199
   375.4   -1.3238
   375.6   -1.3254
   375.8   -1.3261
   376.0   -1.3268
   376.2   -1.3267
   376.4   -1.3250
   376.6   -1.3123
   376.8   -1.2657
   377.0   -1.2201
   377.2   -1.1748
   377.4   -1.1266
   377.6   -1.0731
   377.8   -1.0196
   378.0   -0.9667
   378.2   -0.9393
   378.4   -0.9346
   378.6   -0.9300
   378.8   -0.9258
   379.0   -0.9213
   379.2   -0.9215
   379.4   -0.9285
   379.6   -0.9359
   379.8   -0.9109
   380.0   -0.8540
   380.2   -0.7985
   380.4   -0.7629
   380.6   -0.7366
   380.8   -0.7103
   381.0   -0.6819
   381.2   -0.6633
   381.4   -0.6628
   381.6   -0.6467
   381.8   -0.6270
   382.0   -0.6149
   382.2   -0.6223
   382.4   -0.6308
   382.6   -0.6500
   382.8   -0.6716
   383.0   -0.6826
   383.2   -0.6682
   383.4   -0.6117
   383.6   -0.5553
   383.8   -0.5047
   384.0   -0.4614
   384.2   -0.4183
   384.4   -0.3828
   384.6   -0.3521
   384.8   -0.3184
   385.0   -0.2757
   385.2   -0.2295
   385.4   -0.1927
   385.6   -0.2115
   385.8   -0.2400
   386.0   -0.2680
   386.2   -0.2811
   386.4   -0.2753
   386.6   -0.2745
   386.8   -0.3177
   387.0   -0.3718
   387.2   -0.4240
   387.4   -0.4644
   387.6   -0.5041
   387.8   -0.5388
   388.0   -0.5547
   388.2   -0.5716
   388.4   -0.5884
   388.6   -0.5968
   388.8   -0.6031
   389.0   -0.6096
   389.2   -0.6030
   389.4   -0.5799
   389.6   -0.5577
   389.8   -0.5473
   390.0   -0.5573
   390.2   -0.5333
   390.4   -0.5069
   390.6   -0.4744
   390.8   -0.4411
   391.0   -0.4082
   391.2   -0.3752
   391.4   -0.3425
   391.6   -0.3071
   391.8   -0.2667
   392.0   -0.2349
   392.2   -0.2098
   392.4   -0.1821
   392.6   -0.1544
   392.8   -0.1339
   393.0   -0.1172
   393.2   -0.0941
   393.4   -0.0378
   393.6    0.0199
   393.8    0.0440
   394.0    0.0458
   394.2    0.0513
   394.4    0.0774
   394.6    0.1059
   394.8    0.1193
   395.0    0.1227
   395.2    0.1291
   395.4    0.1412
   395.6    0.1498
   395.8    0.1491
   396.0    0.1479
   396.2    0.1521
   396.4    0.1587
   396.6    0.1630
   396.8    0.1871
   397.0    0.2259
   397.2    0.2730
   397.4    0.3163
   397.6    0.3524
   397.8    0.3904
   398.0    0.4122
   398.2    0.4042
   398.4    0.3897
   398.6    0.3737
   398.8    0.3531
   399.0    0.3316
   399.2    0.3110
   399.4    0.2926
   399.6    0.2910
   399.8    0.2914
   400.0    0.2806
   400.2    0.2711
   400.4    0.2856
   400.6    0.2964
   400.8    0.2690
   401.0    0.2395
   401.2    0.3109
   401.4    0.3113
   401.6    0.3148
   401.8    0.3199
   402.0    0.3212
   402.2    0.2830
   402.4    0.2341
   402.6    0.1858
   402.8    0.1562
   403.0    0.1647
   403.2    0.1767
   403.4    0.1949
   403.6    0.2062
   403.8    0.1991
   404.0    0.1993
   404.2    0.2116
   404.4    0.2317
   404.6    0.2501
   404.8    0.2731
   405.0    0.2880
   405.2    0.2836
   405.4    0.2841
   405.6    0.3043
   405.8    0.3182
   406.0    0.3200
   406.2    0.3063
   406.4    0.2938
   406.6    0.3313
   406.8    0.3812
   407.0    0.4426
   407.2    0.4765
   407.4    0.4615
   407.6    0.4430
   407.8    0.4228
   408.0    0.4137
   408.2    0.4175
   408.4    0.4223
   408.6    0.4212
   408.8    0.3761
   409.0    0.3204
   409.2    0.2583
   409.4    0.2100
   409.6    0.2464
   409.8    0.2962
   410.0    0.3434
   410.2    0.3845
   410.4    0.3930
   410.6    0.3920
   410.8    0.3918
   411.0    0.3926
   411.2    0.3793
   411.4    0.3610
   411.6    0.3434
   411.8    0.3274
   412.0    0.3113
   412.2    0.2778
   412.4    0.2352
   412.6    0.1958
   412.8    0.1717
   413.0    0.1431
   413.2    0.1062
   413.4    0.0731
   413.6    0.0366
   413.8   -0.0090
   414.0   -0.0327
   414.2   -0.0086
   414.4    0.0156
   414.6    0.0379
   414.8    0.0535
   415.0    0.0681
   415.2    0.0912
   415.4    0.1210
   415.6    0.1465
   415.8    0.1476
   416.0    0.1231
   416.2    0.0523
   416.4    0.0292
   416.6    0.0119
   416.8   -0.0073
   417.0    0.0014
   417.2    0.1055
   417.4    0.1059
   417.6    0.0837
   417.8    0.1380
   418.0    0.1883
   418.2    0.1469
   418.4    0.1411
   418.6    0.1349
   418.8    0.1241
   419.0    0.1184
   419.2    0.1275
   419.4    0.1223
   419.6    0.1151
   419.8    0.0894
   420.0    0.0577
   420.2    0.0936
   420.4    0.1467
   420.6    0.1353
   420.8    0.1244
   421.0    0.1041
   421.2    0.0835
   421.4    0.0578
   421.6    0.0251
   421.8    0.0090
   422.0   -0.0087
   422.2    0.0629
   422.4    0.1684
   422.6    0.1067
   422.8    0.0723
   423.0    0.0610
   423.2    0.0538
   423.4    0.0466
   423.6    0.0053
   423.8   -0.0484
   424.0   -0.0602
   424.2   -0.0677
   424.4   -0.0277
   424.6    0.0575
   424.8    0.0208
   425.0   -0.0505
   425.2   -0.1386
   425.4   -0.1925
   425.6   -0.3168
   425.8   -0.4874
   426.0   -0.5548
   426.2   -0.5847
   426.4   -0.6078
   426.6   -0.6296
   426.8   -0.6046
   427.0   -0.6038
   427.2   -0.7157
   427.4   -0.8534
   427.6   -0.9544
   427.8   -1.0352
   428.0   -1.1070
   428.2   -1.1768
   428.4   -1.2480
   428.6   -1.3204
   428.8   -1.4057
   429.0   -1.5257
   429.2   -1.5335
   429.4   -1.4960
   429.6   -1.4580
   429.8   -1.4201
   430.0   -1.4500
   430.2   -1.5236
   430.4   -1.5970
   430.6   -1.6713
   430.8   -1.7457
   431.0   -1.8168
   431.2   -1.8779
   431.4   -1.9372
   431.6   -1.9465
   431.8   -1.9365
   432.0   -1.9258
   432.2   -1.9136
   432.4   -1.9013
   432.6   -1.8924
   432.8   -1.9020
   433.0   -1.9143
   433.2   -1.9290
   433.4   -1.9452
   433.6   -1.9615
   433.8   -1.9933
   434.0   -2.0353
   434.2   -2.0757
   434.4   -2.1147
   434.6   -2.1540
   434.8   -2.1882
   435.0   -2.1870
   435.2   -2.1795
   435.4   -2.1716
   435.6   -2.1631
   435.8   -2.1546
   436.0   -2.1474
   436.2   -2.1476
   436.4   -2.1487
   436.6   -2.1489
   436.8   -2.1487
   437.0   -2.1485
   437.2   -2.1467
   437.4   -2.1409
   437.6   -2.1349
   437.8   -2.1312
   438.0   -2.1290
   438.2   -2.1264
   438.4   -2.1287
   438.6   -2.1414
   438.8   -2.1544
   439.0   -2.1672
   439.2   -2.1802
   439.4   -2.1934
   439.6   -2.2012
   439.8   -2.1927
   440.0   -2.1833
   440.2   -2.1759
   440.4   -2.1706
   440.6   -2.1652
   440.8   -2.1533
   441.0   -2.1371
   441.2   -2.1207
   441.4   -2.1006
   441.6   -2.0794
   441.8   -2.0586
   442.0   -2.0429
   442.2   -2.0303
   442.4   -2.0162
   442.6   -1.9932
   442.8   -1.9687
   443.0   -1.9441
   443.2   -1.9196
   443.4   -1.8952
   443.6   -1.8776
   443.8   -1.8895
   444.0   -1.9044
   444.2   -1.9301
   444.4   -2.0022
   444.6   -2.0743
   444.8   -2.0971
   445.0   -2.1076
   445.2   -2.1156
   445.4   -2.1013
   445.6   -2.0816
   445.8   -2.0645
   446.0   -2.0414
   446.2   -2.0145
   446.4   -1.9879
   446.6   -1.9582
   446.8   -1.9166
   447.0   -1.8991
   447.2   -1.9411
   447.4   -1.9882
   447.6   -2.0338
   447.8   -2.0638
   448.0   -2.0905
   448.2   -2.1184
   448.4   -2.1478
   448.6   -2.1773
   448.8   -2.2023
   449.0   -2.2232
   449.2   -2.2448
   449.4   -2.2712
   449.6   -2.2989
   449.8   -2.3271
   450.0   -2.3543
   450.2   -2.3799
   450.4   -2.4053
   450.6   -2.4159
   450.8   -2.4201
   451.0   -2.4240
   451.2   -2.4257
   451.4   -2.4253
   451.6   -2.4155
   451.8   -2.3568
   452.0   -2.2913
   452.2   -2.2265
   452.4   -2.1591
   452.6   -2.0903
   452.8   -2.0320
   453.0   -2.0269
   453.2   -2.0296
   453.4   -2.0305
   453.6   -1.9806
   453.8   -1.8886
   454.0   -1.8247
   454.2   -1.8420
   454.4   -1.8762
   454.6   -1.9104
   454.8   -1.9504
   455.0   -1.9950
   455.2   -2.0395
   455.4   -2.0805
   455.6   -2.1207
   455.8   -2.1615
   456.0   -2.2018
   456.2   -2.2371
   456.4   -2.2712
   456.6   -2.3039
   456.8   -2.3270
   457.0   -2.3487
   457.2   -2.3707
   457.4   -2.3926
   457.6   -2.4157
   457.8   -2.4388
   458.0   -2.4610
   458.2   -2.4564
   458.4   -2.4408
   458.6   -2.4253
   458.8   -2.4101
   459.0   -2.3923
   459.2   -2.3728
   459.4   -2.3524
   459.6   -2.3261
   459.8   -2.2975
   460.0   -2.2694
   460.2   -2.2401
   460.4   -2.2066
   460.6   -2.1734
   460.8   -2.1288
   461.0   -2.0624
   461.2   -1.9958
   461.4   -1.9304
   461.6   -1.8818
   461.8   -1.8547
   462.0   -1.8172
   462.2   -1.7851
   462.4   -1.7829
   462.6   -1.7817
   462.8   -1.7811
   463.0   -1.7931
   463.2   -1.8094
   463.4   -1.8262
   463.6   -1.8478
   463.8   -1.8719
   464.0   -1.8962
   464.2   -1.9203
   464.4   -1.9395
   464.6   -1.9567
   464.8   -1.9737
   465.0   -1.9830
   465.2   -1.9884
   465.4   -1.9934
   465.6   -1.9987
   465.8   -1.9970
   466.0   -1.9921
   466.2   -1.9869
   466.4   -1.9729
   466.6   -1.9543
   466.8   -1.9358
   467.0   -1.9175
   467.2   -1.9044
   467.4   -1.8948
   467.6   -1.8856
   467.8   -1.8908
   468.0   -1.9053
   468.2   -1.9203
   468.4   -1.8900
   468.6   -1.7785
   468.8   -1.6738
   469.0   -1.6305
   469.2   -1.5993
   469.4   -1.5666
   469.6   -1.4662
   469.8   -1.3302
   470.0   -1.2263
   470.2   -1.1849
   470.4   -1.1457
   470.6   -1.0989
   470.8   -0.9793
   471.0   -0.8547
   471.2   -0.8198
   471.4   -0.8189
   471.6   -0.8187
   471.8   -0.8204
   472.0   -0.8056
   472.2   -0.8159
   472.4   -0.8494
   472.6   -0.8820
   472.8   -0.9037
   473.0   -0.9224
   473.2   -0.9497
   473.4   -0.9861
   473.6   -1.0231
   473.8   -1.0596
   474.0   -1.0962
   474.2   -1.1238
   474.4   -1.1225
   474.6   -1.1193
   474.8   -1.1151
   475.0   -1.1093
   475.2   -1.1019
   475.4   -1.0783
   475.6   -1.0509
   475.8   -1.0243
   476.0   -1.0008
   476.2   -0.9777
   476.4   -0.9587
   476.6   -0.9413
   476.8   -0.9237
   477.0   -0.9064
   477.2   -0.8983
   477.4   -0.9179
   477.6   -0.9396
   477.8   -0.9863
   478.0   -1.0640
   478.2   -1.1523
   478.4   -1.2572
   478.6   -1.3636
   478.8   -1.4341
   479.0   -1.4525
   479.2   -1.4536
   479.4   -1.4169
   479.6   -1.3790
   479.8   -1.3532
   480.0   -1.3420
   480.2   -1.3382
   480.4   -1.3462
   480.6   -1.3538
   480.8   -1.3549
   481.0   -1.3526
   481.2   -1.3311
   481.4   -1.3031
   481.6   -1.2761
   481.8   -1.2510
   482.0   -1.2253
   482.2   -1.1983
   482.4   -1.1709
   482.6   -1.1423
   482.8   -1.1166
   483.0   -1.1105
   483.2   -1.1077
   483.4   -1.1020
   483.6   -1.0942
   483.8   -1.0870
   484.0   -1.0798
   484.2   -1.0766
   484.4   -1.0776
   484.6   -1.0701
   484.8   -1.0583
   485.0   -1.0436
   485.2   -1.0240
   485.4   -1.0122
   485.6   -1.0054
   485.8   -0.9997
   486.0   -0.9966
   486.2   -1.0007
   486.4   -1.0075
   486.6   -1.0172
   486.8   -1.0233
   487.0   -0.9890
   487.2   -0.9452
   487.4   -0.8941
   487.6   -0.8431
   487.8   -0.7967
   488.0   -0.7529
   488.2   -0.7147
   488.4   -0.7083
   488.6   -0.7190
   488.8   -0.6208
   489.0   -0.4660
   489.2   -0.4876
   489.4   -0.5369
   489.6   -0.6465
   489.8   -0.7388
   490.0   -0.7442
   490.2   -0.7410
   490.4   -0.7271
   490.6   -0.6997
   490.8   -0.6691
   491.0   -0.6552
   491.2   -0.6533
   491.4   -0.6837
   491.6   -0.7185
   491.8   -0.7495
   492.0   -0.7817
   492.2   -0.8194
   492.4   -0.8558
   492.6   -0.8844
   492.8   -0.9041
   493.0   -0.9085
   493.2   -0.9113
   493.4   -0.9099
   493.6   -0.9092
   493.8   -0.9091
   494.0   -0.9127
   494.2   -0.9247
   494.4   -0.9338
   494.6   -0.9394
   494.8   -0.9409
   495.0   -0.9343
   495.2   -0.9312
   495.4   -0.9314
   495.6   -0.9331
   495.8   -0.9368
   496.0   -0.9422
   496.2   -0.9478
   496.4   -0.9564
   496.6   -0.9654
   496.8   -0.9680
   497.0   -0.9694
   497.2   -0.9720
   497.4   -0.9809
   497.6   -1.0098
   497.8   -1.0395
   498.0   -1.0661
   498.2   -1.0866
   498.4   -1.1011
   498.6   -1.1172
   498.8   -1.1357
   499.0   -1.1434
   499.2   -1.1455
   499.4   -1.1465
   499.6   -1.1488
   499.8   -1.1654
   500.0   -1.1848
   500.2   -1.1994
   500.4   -1.2041
   500.6   -1.1820
   500.8   -1.1586
   501.0   -1.1369
   501.2   -1.1208
   501.4   -1.1149
   501.6   -1.1100
   501.8   -1.1086
   502.0   -1.1056
   502.2   -1.1013
   502.4   -1.0962
   502.6   -1.0913
   502.8   -1.0898
   503.0   -1.0888
   503.2   -1.0796
   503.4   -1.0648
   503.6   -1.0400
   503.8   -1.0147
   504.0   -0.9928
   504.2   -0.9813
   504.4   -0.9769
   504.6   -0.9849
   504.8   -0.9993
   505.0   -1.0039
   505.2   -0.9994
   505.4   -0.9724
   505.6   -0.9479
   505.8   -0.9280
   506.0   -0.9111
   506.2   -0.9005
   506.4   -0.8830
   506.6   -0.8596
   506.8   -0.8448
   507.0   -0.8398
   507.2   -0.8541
   507.4   -0.8709
   507.6   -0.8786
   507.8   -0.8709
   508.0   -0.8451
   508.2   -0.8235
   508.4   -0.8087
   508.6   -0.8364
   508.8   -0.8921
   509.0   -0.9478
   509.2   -1.0012
   509.4   -1.0062
   509.6   -0.9922
   509.8   -0.9761
   510.0   -0.9621
   510.2   -0.9707
   510.4   -0.9841
   510.6   -0.9999
   510.8   -1.0037
   511.0   -0.9659
   511.2   -0.9243
   511.4   -0.8793
   511.6   -0.8660
   511.8   -0.8951
   512.0   -0.9236
   512.2   -0.9502
   512.4   -0.9554
   512.6   -0.9485
   512.8   -0.9409
   513.0   -0.9319
   513.2   -0.9155
   513.4   -0.8975
   513.6   -0.8781
   513.8   -0.8608
   514.0   -0.8469
   514.2   -0.8329
   514.4   -0.8167
   514.6   -0.7850
   514.8   -0.7491
   515.0   -0.7126
   515.2   -0.6940
   515.4   -0.6976
   515.6   -0.7217
   515.8   -0.7564
   516.0   -0.7673
   516.2   -0.7671
   516.4   -0.7528
   516.6   -0.7483
   516.8   -0.7463
   517.0   -0.7478
   517.2   -0.7359
   517.4   -0.7161
   517.6   -0.6946
   517.8   -0.6906
   518.0   -0.7072
   518.2   -0.7288
   518.4   -0.7520
   518.6   -0.7733
   518.8   -0.7896
   519.0   -0.7999
   519.2   -0.8016
   519.4   -0.8025
   519.6   -0.8038
   519.8   -0.8048
   520.0   -0.8057
   520.2   -0.8070
   520.4   -0.8080
   520.6   -0.8095
   520.8   -0.8143
   521.0   -0.8387
   521.2   -0.8801
   521.4   -0.9181
   521.6   -0.9452
   521.8   -0.9498
   522.0   -0.9590
   522.2   -0.9749
   522.4   -0.9962
   522.6   -1.0168
   522.8   -1.0280
   523.0   -1.0416
   523.2   -1.0609
   523.4   -1.0849
   523.6   -1.1154
   523.8   -1.1411
   524.0   -1.1641
   524.2   -1.1809
   524.4   -1.1942
   524.6   -1.2115
   524.8   -1.2297
   525.0   -1.2508
   525.2   -1.2710
   525.4   -1.2851
   525.6   -1.2988
   525.8   -1.3127
   526.0   -1.3253
   526.2   -1.3356
   526.4   -1.3483
   526.6   -1.3635
   526.8   -1.3752
   527.0   -1.3853
   527.2   -1.3951
   527.4   -1.4044
   527.6   -1.4077
   527.8   -1.4081
   528.0   -1.4059
   528.2   -1.4074
   528.4   -1.4799
   528.6   -1.5818
   528.8   -1.6677
   529.0   -1.7271
   529.2   -1.7989
   529.4   -1.8837
   529.6   -1.9675
   529.8   -2.0391
   530.0   -2.1065
   530.2   -2.1545
   530.4   -2.1985
   530.6   -2.2445
   530.8   -2.2855
   531.0   -2.3187
   531.2   -2.3578
   531.4   -2.3993
   531.6   -2.4373
   531.8   -2.3610
   532.0   -2.2305
   532.2   -2.1551
   532.4   -2.1562
   532.6   -2.1575
   532.8   -2.1555
   533.0   -2.1488
   533.2   -2.1413
   533.4   -2.1103
   533.6   -2.0714
   533.8   -2.0324
   534.0   -2.0010
   534.2   -1.9727
   534.4   -1.9498
   534.6   -1.9433
   534.8   -1.9379
   535.0   -1.9278
   535.2   -1.9114
   535.4   -1.8950
   535.6   -1.8627
   535.8   -1.8190
   536.0   -1.7759
   536.2   -1.7350
   536.4   -1.6989
   536.6   -1.6667
   536.8   -1.6661
   537.0   -1.6735
   537.2   -1.6817
   537.4   -1.7018
   537.6   -1.7260
   537.8   -1.7522
   538.0   -1.7895
   538.2   -1.8281
   538.4   -1.8678
   538.6   -1.9146
   538.8   -1.9630
   539.0   -2.0021
   539.2   -2.0169
   539.4   -2.0304
   539.6   -2.0439
   539.8   -2.0538
   540.0   -2.0629
   540.2   -2.0640
   540.4   -2.0440
   540.6   -2.0232
   540.8   -2.0016
   541.0   -1.9752
   541.2   -1.9484
   541.4   -1.9250
   541.6   -1.9095
   541.8   -1.8941
   542.0   -1.8799
   542.2   -1.8692
   542.4   -1.8589
   542.6   -1.8555
   542.8   -1.8595
   543.0   -1.8636
   543.2   -1.8667
   543.4   -1.8654
   543.6   -1.8634
   543.8   -1.8591
   544.0   -1.8533
   544.2   -1.8475
   544.4   -1.8441
   544.6   -1.8454
   544.8   -1.8501
   545.0   -1.8752
   545.2   -1.9043
   545.4   -1.9335
   545.6   -1.9627
   545.8   -1.9923
   546.0   -2.0181
   546.2   -2.0331
   546.4   -2.0477
   546.6   -2.0623
   546.8   -2.0794
   547.0   -2.0897
   547.2   -2.0398
   547.4   -1.9773
   547.6   -1.9080
   547.8   -1.8234
   548.0   -1.7519
   548.2   -1.7264
   548.4   -1.7051
   548.6   -1.6856
   548.8   -1.6695
   549.0   -1.6462
   549.2   -1.6093
   549.4   -1.5723
   549.6   -1.5367
   549.8   -1.5025
   550.0   -1.4811
   550.2   -1.4632
   550.4   -1.4468
   550.6   -1.4325
   550.8   -1.4222
   551.0   -1.4137
   551.2   -1.3799
   551.4   -1.3117
   551.6   -1.3199
   551.8   -1.3609
   552.0   -1.4124
   552.2   -1.4793
   552.4   -1.4942
   552.6   -1.4768
   552.8   -1.4444
   553.0   -1.4069
   553.2   -1.3837
   553.4   -1.3631
   553.6   -1.3444
   553.8   -1.3146
   554.0   -1.2830
   554.2   -1.2528
   554.4   -1.1897
   554.6   -1.1114
   554.8   -1.0265
   555.0   -0.9366
   555.2   -0.8487
   555.4   -0.7769
   555.6   -0.7249
   555.8   -0.6079
   556.0   -0.6373
   556.2   -0.6579
   556.4   -0.5804
   556.6   -0.6574
   556.8   -0.7817
   557.0   -0.8873
   557.2   -0.9331
   557.4   -0.9868
   557.6   -1.0515
   557.8   -1.1004
   558.0   -1.1665
   558.2   -1.2353
   558.4   -1.2220
   558.6   -1.2067
   558.8   -1.1929
   559.0   -1.1883
   559.2   -1.1975
   559.4   -1.2113
   559.6   -1.1898
   559.8   -1.1496
   560.0   -1.1138
   560.2   -1.1012
   560.4   -1.1003
   560.6   -1.0967
   560.8   -1.0903
   561.0   -1.0842
   561.2   -1.0813
   561.4   -1.0484
   561.6   -0.9847
   561.8   -0.9209
   562.0   -0.8787
   562.2   -0.8497
   562.4   -0.8146
   562.6   -0.7615
   562.8   -0.7195
   563.0   -0.7059
   563.2   -0.6970
   563.4   -0.6707
   563.6   -0.6217
   563.8   -0.5643
   564.0   -0.5335
   564.2   -0.5166
   564.4   -0.4904
   564.6   -0.4753
   564.8   -0.4806
   565.0   -0.4940
   565.2   -0.4775
   565.4   -0.4496
   565.6   -0.4414
   565.8   -0.4193
   566.0   -0.3911
   566.2   -0.3902
   566.4   -0.3905
   566.6   -0.3832
   566.8   -0.3910
   567.0   -0.4061
   567.2   -0.4042
   567.4   -0.4075
   567.6   -0.4275
   567.8   -0.4340
   568.0   -0.4273
   568.2   -0.4337
   568.4   -0.4714
   568.6   -0.5077
   568.8   -0.5062
   569.0   -0.5011
   569.2   -0.5169
   569.4   -0.5222
   569.6   -0.5064
   569.8   -0.4942
   570.0   -0.4904
   570.2   -0.4909
   570.4   -0.4918
   570.6   -0.4908
   570.8   -0.5106
   571.0   -0.5256
   571.2   -0.5030
   571.4   -0.4792
   571.6   -0.4854
   571.8   -0.5096
   572.0   -0.5590
   572.2   -0.5943
   572.4   -0.5798
   572.6   -0.5631
   572.8   -0.5459
   573.0   -0.5280
   573.2   -0.5274
   573.4   -0.5372
   573.6   -0.5231
   573.8   -0.4861
   574.0   -0.4572
   574.2   -0.4508
   574.4   -0.4563
   574.6   -0.4605
   574.8   -0.4656
   575.0   -0.4985
   575.2   -0.5404
   575.4   -0.5353
   575.6   -0.4993
   575.8   -0.4682
   576.0   -0.4605
   576.2   -0.4602
   576.4   -0.4750
   576.6   -0.4896
   576.8   -0.4933
   577.0   -0.4889
   577.2   -0.4946
   577.4   -0.5041
   577.6   -0.5080
   577.8   -0.5041
   578.0   -0.5122
   578.2   -0.5285
   578.4   -0.5218
   578.6   -0.4855
   578.8   -0.4451
   579.0   -0.4363
   579.2   -0.4451
   579.4   -0.4657
   579.6   -0.5471
   579.8   -0.6711
   580.0   -0.7764
   580.2   -0.8787
   580.4   -0.9946
   580.6   -1.1098
   580.8   -1.2001
   581.0   -1.2675
   581.2   -1.3379
   581.4   -1.4299
   581.6   -1.5012
   581.8   -1.5463
   582.0   -1.5969
   582.2   -1.6777
   582.4   -1.7556
   582.6   -1.7929
   582.8   -1.8243
   583.0   -1.8507
   583.2   -1.8096
   583.4   -1.7512
   583.6   -1.7199
   583.8   -1.6945
   584.0   -1.6691
   584.2   -1.6438
   584.4   -1.6187
   584.6   -1.5936
   584.8   -1.5686
   585.0   -1.5437
   585.2   -1.5190
   585.4   -1.4943
   585.6   -1.4697
   585.8   -1.4452
   586.0   -1.4208
   586.2   -1.3965
   586.4   -1.3730
   586.6   -1.3535
   586.8   -1.3344
   587.0   -1.2944
   587.2   -1.2369
   587.4   -1.1800
   587.6   -1.1212
   587.8   -1.0566
   588.0   -0.9919
   588.2   -0.9290
   588.4   -0.8666
   588.6   -0.8048
   588.8   -0.7523
   589.0   -0.7107
   589.2   -0.6733
   589.4   -0.6768
   589.6   -0.6908
   589.8   -0.7068
   590.0   -0.7632
   590.2   -0.8388
   590.4   -0.9113
   590.6   -0.9638
   590.8   -1.0143
   591.0   -1.0575
   591.2   -1.0948
   591.4   -1.1324
   591.6   -1.1704
   591.8   -1.2084
   592.0   -1.2471
   592.2   -1.2862
   592.4   -1.2698
   592.6   -1.2147
   592.8   -1.1704
   593.0   -1.1360
   593.2   -1.1017
   593.4   -1.0645
   593.6   -1.0038
   593.8   -0.9393
   594.0   -0.9127
   594.2   -0.9075
   594.4   -0.9032
   594.6   -0.9237
   594.8   -0.9902
   595.0   -1.0695
   595.2   -1.1431
   595.4   -1.2287
   595.6   -1.3189
   595.8   -1.4101
   596.0   -1.4870
   596.2   -1.5336
   596.4   -1.5791
   596.6   -1.6044
   596.8   -1.6023
   597.0   -1.6003
   597.2   -1.5979
   597.4   -1.5892
   597.6   -1.5549
   597.8   -1.5124
   598.0   -1.4661
   598.2   -1.4072
   598.4   -1.3476
   598.6   -1.2887
   598.8   -1.2329
   599.0   -1.1983
   599.2   -1.1685
   599.4   -1.1397
   599.6   -1.1254
   599.8   -1.1152
   600.0   -1.1053
   600.2   -1.0950
   600.4   -1.0827
   600.6   -1.0699
   600.8   -1.0568
   601.0   -1.0383
   601.2   -1.0161
   601.4   -0.9936
   601.6   -0.9716
   601.8   -0.9524
   602.0   -0.9345
   602.2   -0.9167
   602.4   -0.9084
   602.6   -0.9064
   602.8   -0.9041
   603.0   -0.9022
   603.2   -0.9007
   603.4   -0.9000
   603.6   -0.8990
   603.8   -0.8885
   604.0   -0.8722
   604.2   -0.8562
   604.4   -0.8399
   604.6   -0.8175
   604.8   -0.7921
   605.0   -0.7668
   605.2   -0.7441
   605.4   -0.7231
   605.6   -0.7024
   605.8   -0.6815
   606.0   -0.6636
   606.2   -0.6470
   606.4   -0.6289
   606.6   -0.6052
   606.8   -0.5808
   607.0   -0.5568
   607.2   -0.5308
   607.4   -0.5005
   607.6   -0.4698
   607.8   -0.4412
   608.0   -0.4148
   608.2   -0.3884
   608.4   -0.3627
   608.6   -0.3429
   608.8   -0.3247
   609.0   -0.3143
   609.2   -0.3179
   609.4   -0.3221
   609.6   -0.3260
   609.8   -0.3303
   610.0   -0.3343
   610.2   -0.3363
   610.4   -0.3344
   610.6   -0.3323
   610.8   -0.3298
   611.0   -0.3246
   611.2   -0.3168
   611.4   -0.2711
   611.6   -0.2717
   611.8   -0.2732
   612.0   -0.2769
   612.2   -0.2868
   612.4   -0.2970
   612.6   -0.3079
   612.8   -0.3196
   613.0   -0.3316
   613.2   -0.3418
   613.4   -0.3469
   613.6   -0.3516
   613.8   -0.3588
   614.0   -0.3696
   614.2   -0.3803
   614.4   -0.3923
   614.6   -0.4074
   614.8   -0.4223
   615.0   -0.4318
   615.2   -0.4321
   615.4   -0.4325
   615.6   -0.4326
   615.8   -0.4333
   616.0   -0.4338
   616.2   -0.4368
   616.4   -0.4403
   616.6   -0.4418
   616.8   -0.4436
   617.0   -0.4451
   617.2   -0.4470
   617.4   -0.4487
   617.6   -0.4552
   617.8   -0.4718
   618.0   -0.4889
   618.2   -0.5059
   618.4   -0.5228
   618.6   -0.5389
   618.8   -0.5553
   619.0   -0.5697
   619.2   -0.5794
   619.4   -0.5887
   619.6   -0.5982
   619.8   -0.6069
   620.0   -0.6150
   620.2   -0.6229
   620.4   -0.6311
   620.6   -0.6387
   620.8   -0.6464
   621.0   -0.6539
   621.2   -0.6580
   621.4   -0.6609
   621.6   -0.6637
   621.8   -0.6627
   622.0   -0.6536
   622.2   -0.6438
   622.4   -0.6342
   622.6   -0.6290
   622.8   -0.6416
   623.0   -0.6558
   623.2   -0.7563
   623.4   -0.8116
   623.6   -0.8291
   623.8   -0.8467
   624.0   -0.8634
   624.2   -0.8700
   624.4   -0.8745
   624.6   -0.8823
   624.8   -0.9169
   625.0   -0.9608
   625.2   -1.0054
   625.4   -1.0500
   625.6   -1.0874
   625.8   -1.1421
   626.0   -1.2014
   626.2   -1.2775
   626.4   -1.3700
   626.6   -1.4662
   626.8   -1.5637
   627.0   -1.6611
   627.2   -1.7445
   627.4   -1.8232
   627.6   -1.9026
   627.8   -1.9830
   628.0   -2.0578
   628.2   -2.0949
   628.4   -2.1260
   628.6   -2.1573
   628.8   -2.1886
   629.0   -2.2198
   629.2   -2.2477
   629.4   -2.2698
   629.6   -2.2390
   629.8   -2.1883
   630.0   -2.1381
   630.2   -2.1382
   630.4   -2.2294
   630.6   -2.2283
   630.8   -2.2276
   631.0   -2.2266
   631.2   -2.2255
   631.4   -2.2245
   631.6   -2.2238
   631.8   -2.2240
   632.0   -2.2304
   632.2   -2.2579
   632.4   -2.2890
   632.6   -2.3203
   632.8   -2.3513
   633.0   -2.3710
   633.2   -2.3853
   633.4   -2.3999
   633.6   -2.4146
   633.8   -2.4293
   634.0   -2.4437
   634.2   -2.4584
   634.4   -2.4715
   634.6   -2.4775
   634.8   -2.4563
   635.0   -2.4310
   635.2   -2.4061
   635.4   -2.3992
   635.6   -2.4211
   635.8   -2.4236
   636.0   -2.4260
   636.2   -2.4284
   636.4   -2.4308
   636.6   -2.4333
   636.8   -2.4357
   637.0   -2.4365
   637.2   -2.4297
   637.4   -2.4227
   637.6   -2.4156
   637.8   -2.4082
   638.0   -2.4012
   638.2   -2.4057
   638.4   -2.4299
   638.6   -2.4545
   638.8   -2.4792
   639.0   -2.5040
   639.2   -2.5286
   639.4   -2.5535
   639.6   -2.5786
   639.8   -2.6027
   640.0   -2.6031
   640.2   -2.5942
   640.4   -2.5850
   640.6   -2.5762
   640.8   -2.5683
   641.0   -2.5637
   641.2   -2.5595
   641.4   -2.5549
   641.6   -2.5507
   641.8   -2.5465
   642.0   -2.5423
   642.2   -2.5381
   642.4   -2.5335
   642.6   -2.5269
   642.8   -2.5193
   643.0   -2.5114
   643.2   -2.5014
   643.4   -2.4776
   643.6   -2.4517
   643.8   -2.4259
   644.0   -2.4002
   644.2   -2.3750
   644.4   -2.3496
   644.6   -2.3298
   644.8   -2.3221
   645.0   -2.3179
   645.2   -2.3140
   645.4   -2.3105
   645.6   -2.3288
   645.8   -2.3594
   646.0   -2.3902
   646.2   -2.4214
   646.4   -2.4524
   646.6   -2.4836
   646.8   -2.4974
   647.0   -2.4833
   647.2   -2.4692
   647.4   -2.4548
   647.6   -2.4417
   647.8   -2.4336
   648.0   -2.4265
   648.2   -2.4190
   648.4   -2.4119
   648.6   -2.4048
   648.8   -2.3973
   649.0   -2.3852
   649.2   -2.3610
   649.4   -2.3363
   649.6   -2.3197
   649.8   -2.3485
   650.0   -2.3851
   650.2   -2.4218
   650.4   -2.4588
   650.6   -2.4956
   650.8   -2.5324
   651.0   -2.5268
   651.2   -2.4861
   651.4   -2.4460
   651.6   -2.4249
   651.8   -2.4554
   652.0   -2.4885
   652.2   -2.5222
   652.4   -2.5560
   652.6   -2.5896
   652.8   -2.6212
   653.0   -2.6318
   653.2   -2.6390
   653.4   -2.6446
   653.6   -2.6194
   653.8   -2.5820
   654.0   -2.5449
   654.2   -2.5083
   654.4   -2.4719
   654.6   -2.4458
   654.8   -2.4255
   655.0   -2.4053
   655.2   -2.3839
   655.4   -2.3519
   655.6   -2.3184
   655.8   -2.2855
   656.0   -2.2523
   656.2   -2.2242
   656.4   -2.2152
   656.6   -2.2178
   656.8   -2.2217
   657.0   -2.2620
   657.2   -2.3242
   657.4   -2.3870
   657.6   -2.4507
   657.8   -2.5085
   658.0   -2.5540
   658.2   -2.6019
   658.4   -2.6281
   658.6   -2.6212
   658.8   -2.6615
   659.0   -2.7020
   659.2   -2.7424
   659.4   -2.7830
   659.6   -2.7844
   659.8   -2.7294
   660.0   -2.7012
   660.2   -2.7158
   660.4   -2.6878
   660.6   -2.6602
   660.8   -2.6327
   661.0   -2.5979
   661.2   -2.5395
   661.4   -2.4804
   661.6   -2.4736
   661.8   -2.5244
   662.0   -2.5402
   662.2   -2.5561
   662.4   -2.5719
   662.6   -2.5834
   662.8   -2.5439
   663.0   -2.4790
   663.2   -2.5000
   663.4   -2.5281
   663.6   -2.5216
   663.8   -2.5155
   664.0   -2.5097
   664.2   -2.5080
   664.4   -2.4908
   664.6   -2.5192
   664.8   -2.6644
   665.0   -2.7233
   665.2   -2.7826
   665.4   -2.8424
   665.6   -2.9005
   665.8   -2.9166
   666.0   -2.9171
   666.2   -2.9276
   666.4   -2.9747
   666.6   -3.0249
   666.8   -3.0759
   667.0   -3.1225
   667.2   -3.1448
   667.4   -3.1629
   667.6   -3.1693
   667.8   -3.1329
   668.0   -3.0926
   668.2   -3.0522
   668.4   -3.0138
   668.6   -2.9711
   668.8   -2.9261
   669.0   -2.8759
   669.2   -2.8156
   669.4   -2.7554
   669.6   -2.6946
   669.8   -2.6200
   670.0   -2.5400
   670.2   -2.4666
   670.4   -2.4158
   670.6   -2.3674
   670.8   -2.3194
   671.0   -2.2898
   671.2   -2.2988
   671.4   -2.2993
   671.6   -2.3112
   671.8   -2.3234
   672.0   -2.3169
   672.2   -2.2794
   672.4   -2.2355
   672.6   -2.1803
   672.8   -2.1252
   673.0   -2.0708
   673.2   -2.0245
   673.4   -1.9760
   673.6   -1.9044
   673.8   -1.8255
   674.0   -1.7471
   674.2   -1.6732
   674.4   -1.5980
   674.6   -1.5416
   674.8   -1.5098
   675.0   -1.4781
   675.2   -1.4461
   675.4   -1.4131
   675.6   -1.3911
   675.8   -1.4171
   676.0   -1.4497
   676.2   -1.4996
   676.4   -1.6039
   676.6   -1.6676
   676.8   -1.6459
   677.0   -1.6238
   677.2   -1.5967
   677.4   -1.5468
   677.6   -1.4528
   677.8   -1.3558
   678.0   -1.2687
   678.2   -1.2008
   678.4   -1.1683
   678.6   -1.1611
   678.8   -1.1536
   679.0   -1.1485
   679.2   -1.1204
   679.4   -1.2039
   679.6   -1.3285
   679.8   -1.4025
   680.0   -1.3819
   680.2   -1.4102
   680.4   -1.4698
   680.6   -1.5241
   680.8   -1.5493
   681.0   -1.5663
   681.2   -1.5603
   681.4   -1.5535
   681.6   -1.5294
   681.8   -1.4821
   682.0   -1.4420
   682.2   -1.4063
   682.4   -1.3711
   682.6   -1.3639
   682.8   -1.3702
   683.0   -1.4211
   683.2   -1.4727
   683.4   -1.5011
   683.6   -1.5166
   683.8   -1.5196
   684.0   -1.5198
   684.2   -1.5043
   684.4   -1.4625
   684.6   -1.4474
   684.8   -1.4391
   685.0   -1.4372
   685.2   -1.4324
   685.4   -1.3999
   685.6   -1.3611
   685.8   -1.3270
   686.0   -1.3057
   686.2   -1.3010
   686.4   -1.2938
   686.6   -1.2475
   686.8   -1.2037
   687.0   -1.1835
   687.2   -1.1641
   687.4   -1.1532
   687.6   -1.1288
   687.8   -1.0931
   688.0   -1.0638
   688.2   -1.0462
   688.4   -1.0097
   688.6   -0.9727
   688.8   -0.9742
   689.0   -0.9690
   689.2   -0.9490
   689.4   -0.9112
   689.6   -0.8611
   689.8   -0.8875
   690.0   -0.9309
   690.2   -0.9639
   690.4   -0.9399
   690.6   -0.8751
   690.8   -0.8509
   691.0   -0.9499
   691.2   -0.9419
   691.4   -0.9195
   691.6   -0.9094
   691.8   -0.9121
   692.0   -0.9273
   692.2   -0.9349
   692.4   -0.9362
   692.6   -0.9516
   692.8   -0.9571
   693.0   -0.9213
   693.2   -0.9307
   693.4   -0.9417
   693.6   -0.9339
   693.8   -0.9126
   694.0   -0.8880
   694.2   -0.8864
   694.4   -0.8806
   694.6   -0.8545
   694.8   -0.8333
   695.0   -0.8157
   695.2   -0.8080
   695.4   -0.8097
   695.6   -0.8072
   695.8   -0.8269
   696.0   -0.8564
   696.2   -0.8689
   696.4   -0.8628
   696.6   -0.8542
   696.8   -0.8848
   697.0   -0.9418
   697.2   -0.9587
   697.4   -0.9710
   697.6   -0.9793
   697.8   -0.9905
   698.0   -1.0054
   698.2   -1.0510
   698.4   -1.1090
   698.6   -1.1268
   698.8   -1.1405
   699.0   -1.1248
   699.2   -1.1078
   699.4   -1.1135
   699.6   -1.1249
   699.8   -1.1704
   700.0   -1.1767
   700.2   -1.1375
   700.4   -1.1090
   700.6   -1.1227
   700.8   -1.1290
   701.0   -1.1170
   701.2   -1.1067
   701.4   -1.1112
   701.6   -1.1103
   701.8   -1.0990
   702.0   -1.0883
   702.2   -1.0728
   702.4   -1.0444
   702.6   -1.0195
   702.8   -0.9952
   703.0   -0.9809
   703.2   -0.9866
   703.4   -0.9906
   703.6   -1.0004
   703.8   -1.0121
   704.0   -1.0234
   704.2   -1.0248
   704.4   -1.0044
   704.6   -0.9798
   704.8   -0.9554
   705.0   -0.9571
   705.2   -1.0269
   705.4   -1.0903
   705.6   -1.0913
   705.8   -1.0819
   706.0   -1.0742
   706.2   -1.0766
   706.4   -1.0901
   706.6   -1.1278
   706.8   -1.1703
   707.0   -1.2135
   707.2   -1.2518
   707.4   -1.2750
   707.6   -1.2962
   707.8   -1.3093
   708.0   -1.3214
   708.2   -1.3332
   708.4   -1.3448
   708.6   -1.3551
   708.8   -1.3650
   709.0   -1.3582
   709.2   -1.3448
   709.4   -1.3320
   709.6   -1.3260
   709.8   -1.3675
   710.0   -1.3731
   710.2   -1.3704
   710.4   -1.3661
   710.6   -1.3647
   710.8   -1.3633
   711.0   -1.3666
   711.2   -1.3785
   711.4   -1.3877
   711.6   -1.3930
   711.8   -1.3903
   712.0   -1.3866
   712.2   -1.3833
   712.4   -1.3801
   712.6   -1.3774
   712.8   -1.3736
   713.0   -1.3547
   713.2   -1.3340
   713.4   -1.3143
   713.6   -1.2947
   713.8   -1.2786
   714.0   -1.2866
   714.2   -1.3012
   714.4   -1.3210
   714.6   -1.3482
   714.8   -1.3754
   715.0   -1.4031
   715.2   -1.4243
   715.4   -1.4026
   715.6   -1.3761
   715.8   -1.3937
   716.0   -1.5037
   716.2   -1.6195
   716.4   -1.7372
   716.6   -1.8441
   716.8   -1.9283
   717.0   -1.9947
   717.2   -2.0731
   717.4   -2.1486
   717.6   -2.2232
   717.8   -2.2984
   718.0   -2.3762
   718.2   -2.4586
   718.4   -2.5418
   718.6   -2.6256
   718.8   -2.6845
   719.0   -2.6645
   719.2   -2.6366
   719.4   -2.6087
   719.6   -2.5816
   719.8   -2.5495
   720.0   -2.4697
   720.2   -2.3841
   720.4   -2.3041
   720.6   -2.2207
   720.8   -2.1159
   721.0   -2.0120
   721.2   -1.9103
   721.4   -1.8365
   721.6   -1.7857
   721.8   -1.7355
   722.0   -1.6857
   722.2   -1.6549
   722.4   -1.6314
   722.6   -1.6081
   722.8   -1.5849
   723.0   -1.5649
   723.2   -1.5603
   723.4   -1.5673
   723.6   -1.5824
   723.8   -1.5967
   724.0   -1.6069
   724.2   -1.6174
   724.4   -1.6385
   724.6   -1.7131
   724.8   -1.7986
   725.0   -1.8567
   725.2   -1.8460
   725.4   -1.8216
   725.6   -1.7974
   725.8   -1.7743
   726.0   -1.7714
   726.2   -1.7709
   726.4   -1.7892
   726.6   -1.8174
   726.8   -1.8295
   727.0   -1.8415
   727.2   -1.8516
   727.4   -1.8474
   727.6   -1.8406
   727.8   -1.8327
   728.0   -1.8269
   728.2   -1.8212
   728.4   -1.8163
   728.6   -1.8264
   728.8   -1.8374
   729.0   -1.8391
   729.2   -1.8398
   729.4   -1.8403
   729.6   -1.8411
   729.8   -1.8442
   730.0   -1.8532
   730.2   -1.8627
   730.4   -1.8674
   730.6   -1.8683
   730.8   -1.8690
   731.0   -1.8674
   731.2   -1.8672
   731.4   -1.8766
   731.6   -1.8817
   731.8   -1.8810
   732.0   -1.8808
   732.2   -1.8738
   732.4   -1.8547
   732.6   -1.8405
   732.8   -1.8546
   733.0   -1.8706
   733.2   -1.8860
   733.4   -1.8818
   733.6   -1.8698
   733.8   -1.8646
   734.0   -1.8612
   734.2   -1.8553
   734.4   -1.8272
   734.6   -1.8036
   734.8   -1.8470
   735.0   -1.9031
   735.2   -1.9543
   735.4   -1.9734
   735.6   -1.9574
   735.8   -1.9186
   736.0   -1.8795
   736.2   -1.8095
   736.4   -1.7202
   736.6   -1.6969
   736.8   -1.7058
   737.0   -1.7169
   737.2   -1.6704
   737.4   -1.6608
   737.6   -1.6832
   737.8   -1.7101
   738.0   -1.8086
   738.2   -1.9221
   738.4   -1.9951
   738.6   -2.0686
   738.8   -2.1416
   739.0   -2.1982
   739.2   -2.2705
   739.4   -2.3873
   739.6   -2.5083
   739.8   -2.6300
   740.0   -2.7280
   740.2   -2.8196
   740.4   -2.8573
   740.6   -2.8583
   740.8   -2.8595
   741.0   -2.8734
   741.2   -2.9275
   741.4   -2.9603
   741.6   -2.9428
   741.8   -2.9215
   742.0   -2.8997
   742.2   -2.8564
   742.4   -2.7991
   742.6   -2.7529
   742.8   -2.7474
   743.0   -2.7446
   743.2   -2.7429
   743.4   -2.7551
   743.6   -2.7665
   743.8   -2.7616
   744.0   -2.7622
   744.2   -2.7624
   744.4   -2.7591
   744.6   -2.7487
   744.8   -2.7381
   745.0   -2.7403
   745.2   -2.7479
   745.4   -2.7557
   745.6   -2.7717
   745.8   -2.7905
   746.0   -2.7816
   746.2   -2.7530
   746.4   -2.7225
   746.6   -2.6974
   746.8   -2.7293
   747.0   -2.7792
   747.2   -2.8018
   747.4   -2.8009
   747.6   -2.7999
   747.8   -2.8043
   748.0   -2.8193
   748.2   -2.8254
   748.4   -2.8119
   748.6   -2.7953
   748.8   -2.7791
   749.0   -2.7749
   749.2   -2.7742
   749.4   -2.7624
   749.6   -2.7371
   749.8   -2.7125
   750.0   -2.6884
   750.2   -2.6721
   750.4   -2.6829
   750.6   -2.6747
   750.8   -2.6483
   751.0   -2.6217
   751.2   -2.5959
   751.4   -2.5701
   751.6   -2.5362
   751.8   -2.5003
   752.0   -2.4944
   752.2   -2.5018
   752.4   -2.5097
   752.6   -2.5012
   752.8   -2.3793
   753.0   -2.2706
   753.2   -2.2925
   753.4   -2.3277
   753.6   -2.3633
   753.8   -2.3988
   754.0   -2.4181
   754.2   -2.3629
   754.4   -2.3008
   754.6   -2.2541
   754.8   -2.2108
   755.0   -2.1674
   755.2   -2.1242
   755.4   -2.0824
   755.6   -2.0443
   755.8   -2.0214
   756.0   -2.0019
   756.2   -1.9824
   756.4   -1.9476
   756.6   -1.8813
   756.8   -1.8095
   757.0   -1.7308
   757.2   -1.6811
   757.4   -1.6242
   757.6   -1.5716
   757.8   -1.5154
   758.0   -1.4907
   758.2   -1.5630
   758.4   -1.5616
   758.6   -1.5721
   758.8   -1.6048
   759.0   -1.6263
   759.2   -1.6574
   759.4   -1.6883
   759.6   -1.7189
   759.8   -1.7501
   760.0   -1.7825
   760.2   -1.8247
   760.4   -1.8681
   760.6   -1.8937
   760.8   -1.8949
   761.0   -1.8943
   761.2   -1.8934
   761.4   -1.8910
   761.6   -1.8463
   761.8   -1.7870
   762.0   -1.7285
   762.2   -1.6783
   762.4   -1.6347
   762.6   -1.5916
   762.8   -1.5497
   763.0   -1.5391
   763.2   -1.5453
   763.4   -1.4766
   763.6   -1.3009
   763.8   -1.2743
   764.0   -1.3233
   764.2   -1.2802
   764.4   -1.2701
   764.6   -1.2895
   764.8   -1.3433
   765.0   -1.3648
   765.2   -1.4296
   765.4   -1.5005
   765.6   -1.5544
   765.8   -1.5898
   766.0   -1.6070
   766.2   -1.6179
   766.4   -1.6182
   766.6   -1.6151
   766.8   -1.6123
   767.0   -1.6101
   767.2   -1.6001
   767.4   -1.5766
   767.6   -1.5508
   767.8   -1.5025
   768.0   -1.4538
   768.2   -1.4055
   768.4   -1.3577
   768.6   -1.3114
   768.8   -1.3051
   769.0   -1.3166
   769.2   -1.2613
   769.4   -1.1724
   769.6   -1.1249
   769.8   -1.1192
   770.0   -1.0406
   770.2   -0.9528
   770.4   -0.8765
   770.6   -0.8176
   770.8   -0.7987
   771.0   -0.8329
   771.2   -0.8138
   771.4   -0.9164
   771.6   -1.0595
   771.8   -1.1160
   772.0   -1.1019
   772.2   -1.1047
   772.4   -1.1017
   772.6   -1.0958
   772.8   -1.0902
   773.0   -1.0853
   773.2   -1.0696
   773.4   -1.0473
   773.6   -1.0246
   773.8   -0.9940
   774.0   -0.9626
   774.2   -0.9316
   774.4   -0.9005
   774.6   -0.8691
   774.8   -0.8337
   775.0   -0.7990
   775.2   -0.7962
   775.4   -0.7965
   775.6   -0.7931
   775.8   -0.7896
   776.0   -0.7864
   776.2   -0.7584
   776.4   -0.7198
   776.6   -0.6778
   776.8   -0.6429
   777.0   -0.6143
   777.2   -0.5860
   777.4   -0.5584
   777.6   -0.5403
   777.8   -0.5353
   778.0   -0.5314
   778.2   -0.5470
   778.4   -0.5689
   778.6   -0.5907
   778.8   -0.6119
   779.0   -0.6351
   779.2   -0.6598
   779.4   -0.6673
   779.6   -0.6379
   779.8   -0.6063
   780.0   -0.5748
   780.2   -0.5451
   780.4   -0.5861
   780.6   -0.6560
   780.8   -0.6381
   781.0   -0.6041
   781.2   -0.5704
   781.4   -0.5367
   781.6   -0.5229
   781.8   -0.5509
   782.0   -0.5780
   782.2   -0.5651
   782.4   -0.5359
   782.6   -0.5071
   782.8   -0.4787
   783.0   -0.4588
   783.2   -0.4434
   783.4   -0.4618
   783.6   -0.4837
   783.8   -0.5015
   784.0   -0.5198
   784.2   -0.5268
   784.4   -0.4987
   784.6   -0.4681
   784.8   -0.4331
   785.0   -0.4017
   785.2   -0.3704
   785.4   -0.3411
   785.6   -0.3166
   785.8   -0.2919
   786.0   -0.2593
   786.2   -0.2108
   786.4   -0.1616
   786.6   -0.1399
   786.8   -0.1786
   787.0   -0.2110
   787.2   -0.2763
   787.4   -0.3529
   787.6   -0.4301
   787.8   -0.5130
   788.0   -0.5663
   788.2   -0.6794
   788.4   -0.8020
   788.6   -0.9263
   788.8   -1.0525
   789.0   -1.1336
   789.2   -1.1790
   789.4   -1.2230
   789.6   -1.2811
   789.8   -1.3416
   790.0   -1.4037
   790.2   -1.4515
   790.4   -1.4301
   790.6   -1.4324
   790.8   -1.4725
   791.0   -1.5008
   791.2   -1.5292
   791.4   -1.5622
   791.6   -1.6476
   791.8   -1.7659
   792.0   -1.8829
   792.2   -1.9321
   792.4   -1.9390
   792.6   -1.9458
   792.8   -1.9532
   793.0   -1.9338
   793.2   -1.8493
   793.4   -1.8541
   793.6   -1.9043
   793.8   -1.9578
   794.0   -2.0124
   794.2   -2.0671
   794.4   -2.1203
   794.6   -2.1624
   794.8   -2.2024
   795.0   -2.2451
   795.2   -2.2900
   795.4   -2.3237
   795.6   -2.3557
   795.8   -2.3878
   796.0   -2.4197
   796.2   -2.4521
   796.4   -2.4860
   796.6   -2.5091
   796.8   -2.5250
   797.0   -2.5410
   797.2   -2.5460
   797.4   -2.5273
   797.6   -2.5004
   797.8   -2.4737
   798.0   -2.4472
   798.2   -2.4209
   798.4   -2.3973
   798.6   -2.4034
   798.8   -2.4240
   799.0   -2.4448
   799.2   -2.4662
   799.4   -2.4855
   799.6   -2.4931
   799.8   -2.4990
   800.0   -2.5048
