Time(kyBP),CH4(ppb)
0.0,867.07
0.2,712.23
0.4,667.41
0.6,670.96
0.8,657.07
1.0,636.73
1.2,638.84
1.4,638.06
1.6,623.94
1.8,615.61
2.0,602.74
2.2,601.12
2.4,591.87
2.6,590.17
2.8,580.29
3.0,577.18
3.2,577.09
3.4,578.84
3.6,575.62
3.8,575.98
4.0,571.04
4.2,576.63
4.4,573.03
4.6,566.36
4.8,569.14
5.0,562.21
5.2,562.51
5.4,571.17
5.6,579.23
5.8,578.57
6.0,585.29
6.2,589.01
6.4,594.95
6.6,602.48
6.8,612.45
7.0,615.27
7.2,616.50
7.4,617.74
7.6,619.29
7.8,612.07
8.0,629.14
8.2,648.42
8.4,656.86
8.6,663.56
8.8,665.14
9.0,664.30
9.2,667.20
9.4,675.75
9.6,685.97
9.8,676.34
10.0,695.43
10.2,689.18
10.4,671.27
10.6,668.99
10.8,683.64
11.0,672.96
11.2,656.65
11.4,515.48
11.6,478.41
11.8,472.54
12.0,471.23
12.2,506.27
12.4,589.46
12.6,633.88
12.8,645.98
13.0,664.24
13.2,647.43
13.4,624.33
13.6,619.40
13.8,605.46
14.0,569.09
14.2,498.19
14.4,469.87
14.6,464.19
14.8,465.25
15.0,472.63
15.2,459.07
15.4,449.67
15.6,449.99
15.8,448.24
16.0,437.26
16.2,422.95
16.4,410.11
16.6,406.58
16.8,398.72
17.0,390.46
17.2,379.74
17.4,373.17
17.6,376.94
17.8,370.51
18.0,372.70
18.2,374.48
18.4,372.70
18.6,371.83
18.8,372.90
19.0,375.36
19.2,369.25
19.4,364.50
19.6,364.31
19.8,360.18
20.0,373.36
20.2,377.20
20.4,379.37
20.6,373.09
20.8,373.23
21.0,362.97
21.2,355.38
21.4,356.06
21.6,357.12
21.8,356.96
22.0,357.81
22.2,370.52
22.4,384.73
22.6,398.93
22.8,396.65
23.0,387.05
23.2,389.83
23.4,389.70
23.6,388.20
23.8,391.24
24.0,384.95
24.2,366.96
24.4,365.92
24.6,379.29
24.8,382.32
25.0,372.11
25.2,370.59
25.4,368.45
25.6,364.30
25.8,357.51
26.0,364.55
26.2,374.68
26.4,384.71
26.6,393.76
26.8,390.83
27.0,386.67
27.2,390.85
27.4,399.93
27.6,416.92
27.8,401.62
28.0,389.35
28.2,400.31
28.4,408.52
28.6,425.20
28.8,434.82
29.0,403.75
29.2,378.43
29.4,372.79
29.6,384.84
29.8,393.95
30.0,397.34
30.2,394.75
30.4,401.67
30.6,408.27
30.8,404.75
31.0,395.04
31.2,404.03
31.4,411.96
31.6,420.08
31.8,428.52
32.0,450.94
32.2,451.95
32.4,426.76
32.6,407.79
32.8,413.42
33.0,427.98
33.2,441.97
33.4,455.17
33.6,470.72
33.8,423.81
34.0,421.82
34.2,429.58
34.4,434.57
34.6,466.75
34.8,506.13
35.0,513.74
35.2,490.57
35.4,425.72
35.6,434.80
35.8,429.64
36.0,440.64
36.2,455.15
36.4,475.92
36.6,514.27
36.8,529.46
37.0,545.82
37.2,562.40
37.4,570.34
37.6,548.01
37.8,531.45
38.0,507.31
38.2,463.25
38.4,441.34
38.6,447.26
38.8,452.52
39.0,444.43
39.2,448.04
39.4,441.03
39.6,427.07
39.8,416.59
40.0,420.49
40.2,441.80
40.4,427.37
40.6,416.47
40.8,427.35
41.0,428.61
41.2,450.26
41.4,465.47
41.6,461.53
41.8,437.24
42.0,421.94
42.2,416.90
42.4,436.28
42.6,450.73
42.8,463.63
43.0,480.75
43.2,474.84
43.4,448.00
43.6,417.86
43.8,412.55
44.0,420.16
44.2,429.33
44.4,431.29
44.6,457.05
44.8,465.88
45.0,465.65
45.2,483.26
45.4,472.18
45.6,480.01
45.8,493.94
46.0,498.65
46.2,500.10
46.4,508.97
46.6,497.91
46.8,480.13
47.0,443.20
47.2,436.28
47.4,429.57
47.6,432.44
47.8,444.15
48.0,442.83
48.2,418.02
48.4,423.45
48.6,431.85
48.8,447.31
49.0,461.42
49.2,462.86
49.4,445.23
49.6,442.50
49.8,471.11
50.0,483.63
50.2,473.48
50.4,485.38
50.6,493.05
50.8,503.21
51.0,511.83
51.2,521.16
51.4,538.04
51.6,522.91
51.8,526.44
52.0,528.78
52.2,540.79
52.4,558.03
52.6,539.67
52.8,530.91
53.0,530.66
53.2,532.07
53.4,513.70
53.6,464.03
53.8,438.05
54.0,437.46
54.2,445.14
54.4,460.24
54.6,468.09
54.8,476.10
55.0,501.20
55.2,484.08
55.4,462.63
55.6,475.34
55.8,503.91
56.0,506.91
56.2,531.64
56.4,547.17
56.6,548.73
56.8,547.99
57.0,549.26
57.2,543.02
57.4,527.85
57.6,516.88
57.8,531.84
58.0,556.58
58.2,543.11
58.4,509.55
58.6,514.96
58.8,474.78
59.0,445.89
59.2,438.57
59.4,433.16
59.6,427.84
59.8,438.04
60.0,431.33
60.2,428.29
60.4,428.58
60.6,422.54
60.8,422.02
61.0,433.05
61.2,431.45
61.4,431.16
61.6,431.06
61.8,434.70
62.0,436.68
62.2,431.86
62.4,437.68
62.6,443.46
62.8,444.97
63.0,455.09
63.2,467.57
63.4,481.02
63.6,486.41
63.8,478.95
64.0,441.82
64.2,437.13
64.4,443.70
64.6,457.56
64.8,461.55
65.0,460.60
65.2,457.91
65.4,464.17
65.6,472.01
65.8,456.82
66.0,448.01
66.2,457.40
66.4,453.67
66.6,452.70
66.8,457.82
67.0,454.73
67.2,458.87
67.4,468.66
67.6,475.58
67.8,472.84
68.0,455.33
68.2,454.29
68.4,461.27
68.6,469.96
68.8,468.27
69.0,460.89
69.2,461.22
69.4,459.51
69.6,454.98
69.8,474.68
70.0,484.47
70.2,473.14
70.4,470.58
70.6,474.37
70.8,479.28
71.0,462.55
71.2,441.58
71.4,431.62
71.6,431.88
71.8,432.08
72.0,440.76
72.2,454.69
72.4,454.62
72.6,451.68
72.8,448.70
73.0,450.16
73.2,451.98
73.4,451.70
73.6,457.46
73.8,464.83
74.0,468.31
74.2,469.26
74.4,473.85
74.6,461.47
74.8,430.82
75.0,415.27
75.2,416.98
75.4,423.69
75.6,432.36
75.8,432.29
76.0,429.60
76.2,457.01
76.4,452.49
76.6,441.83
76.8,444.75
77.0,464.92
77.2,473.71
77.4,467.61
77.6,453.56
77.8,459.51
78.0,469.23
78.2,479.38
78.4,488.43
78.6,495.60
78.8,505.91
79.0,513.31
79.2,514.91
79.4,517.33
79.6,533.85
79.8,554.57
80.0,547.81
80.2,541.73
80.4,549.57
80.6,549.04
80.8,550.98
81.0,573.64
81.2,579.37
81.4,585.41
81.6,586.51
81.8,580.46
82.0,604.69
82.2,615.13
82.4,616.84
82.6,621.27
82.8,627.22
83.0,629.67
83.2,586.00
83.4,535.95
83.6,503.18
83.8,480.16
84.0,465.98
84.2,463.01
84.4,450.10
84.6,447.96
84.8,447.33
85.0,445.10
85.2,451.47
85.4,453.07
85.6,441.95
85.8,429.05
86.0,434.98
86.2,460.06
86.4,439.70
86.6,438.33
86.8,447.22
87.0,448.16
87.2,465.49
87.4,485.56
87.6,503.05
87.8,503.80
88.0,504.14
88.2,506.78
88.4,503.32
88.6,498.64
88.8,494.59
89.0,493.56
89.2,484.17
89.4,472.08
89.6,462.90
89.8,455.80
90.0,448.92
90.2,445.71
90.4,448.24
90.6,456.40
90.8,451.12
91.0,436.72
91.2,433.51
91.4,440.14
91.6,447.14
91.8,446.30
92.0,439.51
92.2,437.11
92.4,438.34
92.6,441.16
92.8,439.95
93.0,438.33
93.2,437.10
93.4,436.24
93.6,439.94
93.8,438.42
94.0,439.04
94.2,450.27
94.4,440.80
94.6,445.87
94.8,448.60
95.0,441.18
95.2,436.84
95.4,446.68
95.6,457.64
95.8,467.93
96.0,482.30
96.2,481.30
96.4,485.23
96.6,495.65
96.8,499.67
97.0,494.32
97.2,489.41
97.4,491.18
97.6,502.41
97.8,505.58
98.0,508.37
98.2,511.39
98.4,513.17
98.6,520.77
98.8,524.90
99.0,526.07
99.2,525.82
99.4,525.34
99.6,527.24
99.8,530.02
100.0,530.45
100.2,539.60
100.4,544.46
100.6,539.13
100.8,543.60
101.0,543.63
101.2,539.11
101.4,540.18
101.6,521.89
101.8,504.27
102.0,494.30
102.2,503.70
102.4,489.82
102.6,472.29
102.8,470.73
103.0,483.94
103.2,500.50
103.4,512.43
103.6,534.17
103.8,557.91
104.0,568.60
104.2,575.74
104.4,581.51
104.6,593.58
104.8,600.35
105.0,595.92
105.2,583.85
105.4,579.03
105.6,604.16
105.8,612.06
106.0,601.94
106.2,596.95
106.4,593.12
106.6,569.90
106.8,501.95
107.0,464.27
107.2,448.21
107.4,456.20
107.6,461.42
107.8,464.08
108.0,469.31
108.2,475.10
108.4,480.69
108.6,487.38
108.8,498.41
109.0,505.40
109.2,499.08
109.4,498.71
109.6,506.33
109.8,505.92
110.0,502.99
110.2,503.79
110.4,501.90
110.6,494.48
110.8,493.63
111.0,493.57
111.2,480.59
111.4,473.14
111.6,473.68
111.8,465.87
112.0,456.46
112.2,455.17
112.4,457.37
112.6,462.48
112.8,465.18
113.0,464.37
113.2,456.49
113.4,456.31
113.6,468.94
113.8,470.69
114.0,471.17
114.2,472.02
114.4,472.85
114.6,473.36
114.8,473.22
115.0,474.97
115.2,493.70
115.4,498.68
115.6,497.28
115.8,499.99
116.0,496.85
116.2,499.53
116.4,510.14
116.6,527.41
116.8,540.07
117.0,537.20
117.2,538.83
117.4,546.23
117.6,547.18
117.8,547.61
118.0,546.90
118.2,568.13
118.4,571.43
118.6,570.18
118.8,577.65
119.0,580.52
119.2,587.25
119.4,571.33
119.6,570.01
119.8,567.88
120.0,572.65
120.2,570.88
120.4,580.77
120.6,601.45
120.8,606.64
121.0,599.19
121.2,605.31
121.4,611.74
121.6,607.70
121.8,605.01
122.0,608.18
122.2,607.65
122.4,605.92
122.6,601.22
122.8,606.16
123.0,606.99
123.2,609.30
123.4,614.57
123.6,615.41
123.8,612.02
124.0,614.24
124.2,620.53
124.4,622.92
124.6,629.55
124.8,628.94
125.0,638.94
125.2,642.40
125.4,646.16
125.6,653.76
125.8,657.12
126.0,652.88
126.2,656.21
126.4,647.80
126.6,646.49
126.8,650.59
127.0,648.57
127.2,665.73
127.4,676.09
127.6,680.56
127.8,694.28
128.0,709.36
128.2,708.95
128.4,717.99
128.6,708.83
128.8,611.19
129.0,536.22
129.2,545.15
129.4,550.12
129.6,534.27
129.8,517.23
130.0,511.39
130.2,503.26
130.4,517.22
130.6,517.48
130.8,497.16
131.0,490.21
131.2,493.39
131.4,491.05
131.6,480.11
131.8,464.60
132.0,457.53
132.2,460.82
132.4,461.54
132.6,461.45
132.8,460.61
133.0,456.39
133.2,451.79
133.4,474.20
133.6,497.27
133.8,465.61
134.0,431.90
134.2,432.21
134.4,434.30
134.6,425.43
134.8,415.82
135.0,410.52
135.2,405.93
135.4,399.27
135.6,390.45
135.8,383.79
136.0,390.91
136.2,400.45
136.4,404.88
136.6,390.97
136.8,377.77
137.0,380.32
137.2,385.79
137.4,391.26
137.6,394.69
137.8,395.15
138.0,397.99
138.2,401.39
138.4,404.15
138.6,392.10
138.8,374.39
139.0,383.42
139.2,407.57
139.4,426.03
139.6,406.64
139.8,380.27
140.0,358.21
140.2,351.30
140.4,345.70
140.6,343.42
140.8,345.80
141.0,348.21
141.2,351.39
141.4,355.03
141.6,358.65
141.8,362.02
142.0,365.34
142.2,368.44
142.4,370.86
142.6,373.23
142.8,376.00
143.0,380.36
143.2,384.98
143.4,390.34
143.6,395.85
143.8,400.63
144.0,401.15
144.2,400.97
144.4,396.17
144.6,386.56
144.8,377.78
145.0,379.91
145.2,385.42
145.4,390.69
145.6,394.54
145.8,398.16
146.0,401.79
146.2,405.48
146.4,409.19
146.6,412.85
146.8,416.49
147.0,420.04
147.2,421.79
147.4,422.83
147.6,431.58
147.8,449.58
148.0,465.77
148.2,457.69
148.4,442.04
148.6,429.39
148.8,429.55
149.0,431.15
149.2,433.08
149.4,436.69
149.6,439.54
149.8,428.85
150.0,413.82
150.2,403.85
150.4,402.11
150.6,400.95
150.8,409.22
151.0,421.21
151.2,430.51
151.4,428.04
151.6,424.20
151.8,422.50
152.0,423.62
152.2,424.76
152.4,424.16
152.6,418.46
152.8,412.77
153.0,408.48
153.2,404.36
153.4,401.70
153.6,401.99
153.8,402.37
154.0,401.25
154.2,397.85
154.4,394.44
154.6,391.18
154.8,388.02
155.0,385.71
155.2,391.78
155.4,399.95
155.6,405.67
155.8,403.71
156.0,401.19
156.2,401.12
156.4,407.92
156.6,415.12
156.8,419.94
157.0,414.49
157.2,407.86
157.4,401.83
157.6,403.13
157.8,406.59
158.0,409.45
158.2,408.91
158.4,407.84
158.6,412.79
158.8,426.44
159.0,436.55
159.2,426.01
159.4,412.30
159.6,408.86
159.8,412.03
160.0,414.68
160.2,413.67
160.4,411.93
160.6,410.74
160.8,413.63
161.0,417.36
161.2,421.08
161.4,422.06
161.6,417.49
161.8,415.14
162.0,424.48
162.2,435.39
162.4,437.20
162.6,425.48
162.8,414.15
163.0,412.71
163.2,415.06
163.4,415.07
163.6,407.70
163.8,399.78
164.0,392.79
164.2,389.21
164.4,385.94
164.6,387.42
164.8,400.37
165.0,413.82
165.2,424.31
165.4,427.76
165.6,430.91
165.8,434.94
166.0,440.55
166.2,446.21
166.4,453.86
166.6,463.91
166.8,473.97
167.0,481.89
167.2,487.36
167.4,492.83
167.6,495.43
167.8,495.66
168.0,493.78
168.2,475.90
168.4,454.72
168.6,451.91
168.8,464.94
169.0,474.76
169.2,465.10
169.4,452.17
169.6,443.21
169.8,444.41
170.0,446.11
170.2,450.26
170.4,461.91
170.6,474.09
170.8,483.21
171.0,482.51
171.2,481.06
171.4,477.48
171.6,469.01
171.8,460.33
172.0,451.65
172.2,442.98
172.4,435.23
172.6,438.49
172.8,444.96
173.0,451.42
173.2,452.01
173.4,440.78
173.6,430.47
173.8,436.36
174.0,447.21
174.2,457.12
174.4,462.73
174.6,467.81
174.8,470.67
175.0,469.06
175.2,467.32
175.4,469.17
175.6,478.49
175.8,488.05
176.0,497.93
176.2,511.66
176.4,526.49
176.6,541.20
176.8,547.57
177.0,548.79
177.2,549.88
177.4,547.86
177.6,544.54
177.8,538.22
178.0,520.06
178.2,500.69
178.4,482.95
178.6,480.47
178.8,481.74
179.0,478.69
179.2,469.43
179.4,460.12
179.6,454.83
179.8,465.10
180.0,476.92
180.2,487.92
180.4,491.35
180.6,492.96
180.8,494.57
181.0,496.03
181.2,496.19
181.4,496.03
181.6,497.98
181.8,506.47
182.0,515.43
182.2,524.32
182.4,528.11
182.6,528.81
182.8,529.50
183.0,530.12
183.2,530.65
183.4,531.17
183.6,531.70
183.8,528.89
184.0,521.55
184.2,513.71
184.4,502.55
184.6,490.74
184.8,479.11
185.0,472.10
185.2,467.16
185.4,462.22
185.6,457.74
185.8,454.24
186.0,450.77
186.2,447.35
186.4,444.26
186.6,441.23
186.8,438.20
187.0,438.17
187.2,441.93
187.4,445.92
187.6,451.67
187.8,457.81
188.0,457.14
188.2,444.33
188.4,431.30
188.6,424.67
188.8,424.02
189.0,423.66
189.2,426.07
189.4,429.20
189.6,433.35
189.8,443.74
190.0,455.17
190.2,466.37
190.4,470.17
190.6,470.42
190.8,470.67
191.0,471.01
191.2,476.98
191.4,486.19
191.6,495.08
191.8,502.01
192.0,508.60
192.2,510.37
192.4,507.29
192.6,504.21
192.8,501.05
193.0,497.83
193.2,494.59
193.4,489.30
193.6,482.62
193.8,475.95
194.0,474.39
194.2,479.67
194.4,485.00
194.6,495.18
194.8,510.27
195.0,525.12
195.2,531.09
195.4,532.52
195.6,534.43
195.8,539.46
196.0,545.07
196.2,551.05
196.4,557.43
196.6,564.11
196.8,573.34
197.0,583.16
197.2,587.05
197.4,583.06
197.6,581.20
197.8,588.53
198.0,596.73
198.2,602.58
198.4,608.00
198.6,627.23
198.8,653.76
199.0,658.82
199.2,640.83
199.4,622.91
199.6,605.21
199.8,587.51
200.0,569.81
200.2,552.11
200.4,538.15
200.6,533.04
200.8,530.82
201.0,533.90
201.2,537.15
201.4,539.44
201.6,540.21
201.8,520.28
202.0,490.54
202.2,469.89
202.4,476.98
202.6,485.79
202.8,477.80
203.0,459.15
203.2,441.65
203.4,451.27
203.6,472.31
203.8,489.05
204.0,481.63
204.2,470.45
204.4,465.03
204.6,473.95
204.8,483.54
205.0,488.23
205.2,489.17
205.4,491.11
205.6,496.87
205.8,502.94
206.0,500.83
206.2,492.95
206.4,488.61
206.6,493.06
206.8,497.95
207.0,503.26
207.2,508.75
207.4,511.32
207.6,507.82
207.8,505.35
208.0,508.40
208.2,512.14
208.4,514.27
208.6,512.26
208.8,515.25
209.0,524.93
209.2,533.84
209.4,540.71
209.6,547.58
209.8,555.31
210.0,562.92
210.2,562.90
210.4,559.67
210.6,564.31
210.8,574.19
211.0,582.31
211.2,588.53
211.4,590.95
211.6,584.06
211.8,577.97
212.0,579.42
212.2,582.13
212.4,583.86
212.6,585.09
212.8,582.59
213.0,576.89
213.2,573.34
213.4,573.48
213.6,574.80
213.8,581.44
214.0,588.21
214.2,581.40
214.4,568.79
214.6,562.72
214.8,565.91
215.0,562.30
215.2,536.88
215.4,510.26
215.6,488.62
215.8,468.45
216.0,460.99
216.2,470.30
216.4,477.44
216.6,470.46
216.8,461.00
217.0,451.38
217.2,445.29
217.4,450.25
217.6,447.21
217.8,452.81
218.0,456.71
218.2,465.47
218.4,488.05
218.6,471.86
218.8,464.43
219.0,473.40
219.2,487.55
219.4,501.31
219.6,519.00
219.8,527.89
220.0,490.90
220.2,479.76
220.4,484.53
220.6,489.07
220.8,489.84
221.0,489.54
221.2,496.09
221.4,499.36
221.6,496.45
221.8,499.16
222.0,505.86
222.2,521.01
222.4,524.70
222.6,522.03
222.8,533.87
223.0,530.81
223.2,499.90
223.4,479.14
223.6,469.53
223.8,493.31
224.0,496.08
224.2,483.85
224.4,480.00
224.6,491.14
224.8,506.48
225.0,519.68
225.2,527.67
225.4,535.67
225.6,543.66
225.8,551.65
226.0,549.49
226.2,536.42
226.4,539.68
226.6,546.74
226.8,538.63
227.0,519.94
227.2,504.46
227.4,503.65
227.6,501.56
227.8,493.95
228.0,498.70
228.2,512.28
228.4,504.71
228.6,489.68
228.8,478.73
229.0,471.84
229.2,472.08
229.4,466.51
229.6,468.23
229.8,472.71
230.0,487.24
230.2,499.38
230.4,474.08
230.6,447.31
230.8,425.02
231.0,421.83
231.2,428.07
231.4,430.92
231.6,430.47
231.8,429.64
232.0,431.18
232.2,434.45
232.4,438.89
232.6,437.16
232.8,431.93
233.0,422.56
233.2,424.66
233.4,436.91
233.6,451.82
233.8,437.13
234.0,427.89
234.2,427.19
234.4,433.12
234.6,446.48
234.8,483.48
235.0,491.93
235.2,467.59
235.4,477.35
235.6,491.63
235.8,503.23
236.0,495.99
236.2,491.73
236.4,510.66
236.6,518.36
236.8,527.17
237.0,547.27
237.2,544.03
237.4,546.45
237.6,543.29
237.8,549.59
238.0,557.36
238.2,559.07
238.4,555.03
238.6,552.31
238.8,566.71
239.0,562.17
239.2,571.10
239.4,565.20
239.6,570.00
239.8,586.10
240.0,594.45
240.2,600.23
240.4,602.18
240.6,610.91
240.8,614.41
241.0,619.79
241.2,633.07
241.4,656.16
241.6,654.46
241.8,661.94
242.0,680.07
242.2,586.13
242.4,531.39
242.6,518.17
242.8,525.52
243.0,540.83
243.2,539.25
243.4,548.21
243.6,550.68
243.8,543.96
244.0,536.73
244.2,528.47
244.4,527.47
244.6,523.59
244.8,519.53
245.0,507.85
245.2,502.32
245.4,498.71
245.6,492.75
245.8,480.78
246.0,479.14
246.2,487.13
246.4,502.35
246.6,511.77
246.8,508.97
247.0,529.98
247.2,539.57
247.4,531.37
247.6,525.12
247.8,525.10
248.0,534.31
248.2,517.55
248.4,490.26
248.6,471.46
248.8,465.97
249.0,439.64
249.2,411.14
249.4,409.28
249.6,410.53
249.8,412.39
250.0,412.09
250.2,409.56
250.4,417.46
250.6,429.01
250.8,426.77
251.0,421.20
251.2,415.62
251.4,410.04
251.6,404.47
251.8,399.93
252.0,397.26
252.2,395.44
252.4,395.83
252.6,396.88
252.8,399.06
253.0,400.03
253.2,398.83
253.4,405.27
253.6,419.52
253.8,426.58
254.0,426.09
254.2,423.43
254.4,420.51
254.6,413.33
254.8,409.21
255.0,426.40
255.2,438.33
255.4,429.51
255.6,426.08
255.8,437.82
256.0,451.01
256.2,466.81
256.4,472.56
256.6,468.10
256.8,470.82
257.0,479.75
257.2,477.17
257.4,466.66
257.6,454.32
257.8,464.13
258.0,479.86
258.2,494.21
258.4,504.31
258.6,506.52
258.8,499.14
259.0,477.38
259.2,443.88
259.4,443.59
259.6,465.22
259.8,465.20
260.0,452.77
260.2,442.98
260.4,436.04
260.6,444.45
260.8,454.04
261.0,453.51
261.2,448.28
261.4,434.68
261.6,426.54
261.8,435.27
262.0,447.79
262.2,466.82
262.4,479.92
262.6,480.97
262.8,485.61
263.0,499.02
263.2,499.18
263.4,470.99
263.6,444.42
263.8,420.23
264.0,415.15
264.2,416.10
264.4,408.25
264.6,400.70
264.8,407.02
265.0,413.62
265.2,413.02
265.4,413.05
265.6,417.62
265.8,421.48
266.0,419.65
266.2,416.16
266.4,402.78
266.6,388.75
266.8,400.22
267.0,418.65
267.2,421.91
267.4,416.79
267.6,414.64
267.8,416.58
268.0,422.32
268.2,438.17
268.4,450.47
268.6,440.28
268.8,427.59
269.0,433.81
269.2,447.50
269.4,447.86
269.6,441.25
269.8,447.19
270.0,453.57
270.2,458.14
270.4,451.51
270.6,443.49
270.8,446.58
271.0,454.03
271.2,457.45
271.4,455.28
271.6,452.58
271.8,447.27
272.0,451.50
272.2,458.81
272.4,466.11
272.6,464.05
272.8,454.09
273.0,460.88
273.2,469.60
273.4,478.33
273.6,479.43
273.8,472.52
274.0,467.11
274.2,465.24
274.4,464.14
274.6,468.13
274.8,473.21
275.0,470.44
275.2,461.92
275.4,458.12
275.6,467.46
275.8,477.65
276.0,488.65
276.2,499.54
276.4,492.05
276.6,474.06
276.8,462.74
277.0,455.51
277.2,457.94
277.4,470.29
277.6,475.96
277.8,465.51
278.0,454.23
278.2,442.93
278.4,432.08
278.6,434.08
278.8,435.60
279.0,429.41
279.2,423.20
279.4,428.05
279.6,447.05
279.8,460.97
280.0,457.98
280.2,460.26
280.4,471.28
280.6,467.70
280.8,463.53
281.0,458.00
281.2,451.31
281.4,449.95
281.6,454.13
281.8,458.92
282.0,464.82
282.2,459.48
282.4,437.39
282.6,431.64
282.8,446.10
283.0,458.21
283.2,468.46
283.4,482.32
283.6,496.75
283.8,503.59
284.0,504.25
284.2,483.75
284.4,467.31
284.6,472.20
284.8,472.46
285.0,461.58
285.2,461.78
285.4,468.67
285.6,477.24
285.8,485.74
286.0,491.52
286.2,496.01
286.4,498.73
286.6,501.99
286.8,506.01
287.0,513.40
287.2,521.06
287.4,526.36
287.6,524.04
287.8,515.94
288.0,517.90
288.2,518.74
288.4,513.27
288.6,518.11
288.8,529.53
289.0,531.18
289.2,530.17
289.4,530.84
289.6,535.04
289.8,543.76
290.0,536.15
290.2,522.00
290.4,508.77
290.6,495.62
290.8,482.47
291.0,469.32
291.2,457.16
291.4,456.21
291.6,458.01
291.8,454.29
292.0,449.41
292.2,450.55
292.4,452.23
292.6,448.20
292.8,446.64
293.0,455.38
293.2,464.05
293.4,472.65
293.6,482.84
293.8,509.51
294.0,514.24
294.2,504.64
294.4,495.03
294.6,491.93
294.8,501.78
295.0,516.55
295.2,532.02
295.4,547.41
295.6,560.37
295.8,569.39
296.0,576.91
296.2,582.92
296.4,544.58
296.6,515.79
296.8,503.51
297.0,491.82
297.2,499.04
297.4,497.39
297.6,486.11
297.8,474.84
298.0,472.92
298.2,490.17
298.4,499.21
298.6,507.16
298.8,515.10
299.0,518.36
299.2,514.33
299.4,507.62
299.6,500.91
299.8,500.03
300.0,510.77
300.2,518.42
300.4,511.99
300.6,491.88
300.8,471.63
301.0,469.66
301.2,483.64
301.4,474.40
301.6,464.39
301.8,455.10
302.0,453.08
302.2,453.82
302.4,454.95
302.6,456.45
302.8,460.91
303.0,463.39
303.2,464.78
303.4,466.69
303.6,474.78
303.8,480.54
304.0,484.88
304.2,489.13
304.4,490.02
304.6,491.63
304.8,494.69
305.0,497.89
305.2,502.68
305.4,489.67
305.6,470.50
305.8,453.34
306.0,449.39
306.2,451.95
306.4,455.31
306.6,459.56
306.8,476.96
307.0,479.98
307.2,472.32
307.4,464.66
307.6,460.52
307.8,465.53
308.0,469.47
308.2,473.17
308.4,477.66
308.6,498.84
308.8,500.79
309.0,487.66
309.2,474.52
309.4,464.53
309.6,460.59
309.8,460.44
310.0,460.54
310.2,464.27
310.4,486.27
310.6,486.15
310.8,478.36
311.0,474.13
311.2,506.74
311.4,516.34
311.6,515.54
311.8,514.79
312.0,515.61
312.2,517.49
312.4,519.48
312.6,521.62
312.8,533.73
313.0,542.14
313.2,544.92
313.4,551.37
313.6,565.98
313.8,561.44
314.0,555.92
314.2,591.88
314.4,631.11
314.6,625.43
314.8,619.58
315.0,609.25
315.2,603.52
315.4,600.33
315.6,606.57
315.8,630.96
316.0,622.69
316.2,611.90
316.4,552.39
316.6,503.65
316.8,485.36
317.0,467.89
317.2,459.61
317.4,454.48
317.6,449.55
317.8,449.41
318.0,474.96
318.2,480.25
318.4,480.52
318.6,480.63
318.8,479.36
319.0,478.61
319.2,478.13
319.4,477.70
319.6,479.26
319.8,483.96
320.0,489.83
320.2,495.69
320.4,501.35
320.6,507.40
320.8,513.73
321.0,520.20
321.2,526.99
321.4,525.30
321.6,521.68
321.8,522.95
322.0,526.53
322.2,522.58
322.4,520.90
322.6,532.40
322.8,538.10
323.0,543.12
323.2,554.67
323.4,570.54
323.6,586.19
323.8,574.08
324.0,573.34
324.2,579.29
324.4,589.08
324.6,599.62
324.8,609.89
325.0,617.12
325.2,621.57
325.4,627.66
325.6,641.85
325.8,637.42
326.0,633.93
326.2,628.45
326.4,616.38
326.6,628.21
326.8,638.70
327.0,644.23
327.2,651.88
327.4,646.97
327.6,649.11
327.8,660.80
328.0,658.41
328.2,659.48
328.4,662.99
328.6,666.50
328.8,664.18
329.0,649.35
329.2,642.36
329.4,654.65
329.6,647.65
329.8,653.13
330.0,648.45
330.2,627.60
330.4,633.05
330.6,624.28
330.8,623.72
331.0,637.09
331.2,636.64
331.4,646.55
331.6,660.78
331.8,678.15
332.0,712.46
332.2,727.97
332.4,737.10
332.6,774.53
332.8,792.57
333.0,776.34
333.2,655.75
333.4,594.25
333.6,596.07
333.8,606.62
334.0,619.86
334.2,639.48
334.4,628.86
334.6,591.40
334.8,592.58
335.0,581.16
335.2,569.13
335.4,560.05
335.6,546.82
335.8,535.64
336.0,527.01
336.2,513.22
336.4,500.08
336.6,501.64
336.8,498.97
337.0,492.17
337.2,486.48
337.4,485.07
337.6,476.93
337.8,467.18
338.0,457.42
338.2,450.90
338.4,447.67
338.6,445.93
338.8,452.24
339.0,459.85
339.2,463.06
339.4,459.74
339.6,457.08
339.8,454.53
340.0,451.98
340.2,449.02
340.4,443.10
340.6,435.64
340.8,426.62
341.0,417.59
341.2,408.56
341.4,399.54
341.6,394.86
341.8,393.71
342.0,389.94
342.2,385.27
342.4,380.60
342.6,375.92
342.8,371.41
343.0,369.11
343.2,367.54
343.4,366.29
343.6,368.06
343.8,370.58
344.0,373.10
344.2,372.94
344.4,369.47
344.6,368.80
344.8,370.17
345.0,371.54
345.2,372.92
345.4,376.51
345.6,385.59
345.8,389.59
346.0,390.01
346.2,390.43
346.4,390.86
346.6,392.15
346.8,399.58
347.0,408.21
347.2,415.34
347.4,412.79
347.6,408.50
347.8,404.67
348.0,411.51
348.2,422.32
348.4,431.13
348.6,439.76
348.8,448.39
349.0,455.43
349.2,432.11
349.4,406.52
349.6,402.08
349.8,398.47
350.0,394.85
350.2,393.59
350.4,400.17
350.6,404.10
350.8,406.54
351.0,408.99
351.2,411.44
351.4,413.27
351.6,408.52
351.8,403.28
352.0,401.69
352.2,400.33
352.4,398.97
352.6,397.76
352.8,399.31
353.0,401.91
353.2,404.08
353.4,402.08
353.6,399.02
353.8,396.21
354.0,397.67
354.2,400.70
354.4,403.74
354.6,405.46
354.8,404.66
355.0,403.79
355.2,403.07
355.4,403.30
355.6,403.71
355.8,404.30
356.0,408.07
356.2,412.96
356.4,417.86
356.6,422.38
356.8,426.49
357.0,430.61
357.2,434.00
357.4,433.51
357.6,432.46
357.8,431.33
358.0,428.23
358.2,424.21
358.4,420.20
358.6,417.03
358.8,417.02
359.0,417.31
359.2,418.96
359.4,429.16
359.6,440.84
359.8,452.10
360.0,447.53
360.2,434.88
360.4,422.22
360.6,415.76
360.8,417.17
361.0,418.61
361.2,421.07
361.4,433.33
361.6,448.06
361.8,461.71
362.0,457.15
362.2,446.06
362.4,436.23
362.6,446.93
362.8,464.80
363.0,480.96
363.2,467.51
363.4,443.35
363.6,420.36
363.8,421.88
364.0,433.24
364.2,444.34
364.4,442.21
364.6,432.61
364.8,423.02
365.0,420.72
365.2,434.03
365.4,447.86
365.6,456.41
365.8,444.40
366.0,430.31
366.2,417.35
366.4,411.97
366.6,408.02
366.8,404.82
367.0,417.71
367.2,437.12
367.4,454.65
367.6,449.55
367.8,437.81
368.0,426.16
368.2,421.72
368.4,421.75
368.6,421.78
368.8,424.28
369.0,431.72
369.2,439.31
369.4,453.61
369.6,478.39
369.8,503.28
370.0,516.41
370.2,513.17
370.4,509.82
370.6,505.42
370.8,500.06
371.0,494.69
371.2,492.33
371.4,495.54
371.6,498.88
371.8,503.26
372.0,510.76
372.2,518.48
372.4,525.55
372.6,531.54
372.8,537.49
373.0,523.68
373.2,492.57
373.4,461.86
373.6,449.84
373.8,447.95
374.0,446.06
374.2,442.23
374.4,436.75
374.6,431.27
374.8,426.68
375.0,426.10
375.2,426.01
375.4,425.99
375.6,427.49
375.8,429.63
376.0,431.77
376.2,434.73
376.4,438.63
376.6,442.53
376.8,444.21
377.0,443.38
377.2,442.54
377.4,444.12
377.6,449.87
377.8,455.70
378.0,461.52
378.2,467.34
378.4,473.17
378.6,478.99
378.8,484.82
379.0,490.64
379.2,492.73
379.4,489.51
379.6,486.24
379.8,495.26
380.0,518.24
380.2,540.66
380.4,546.75
380.6,545.43
380.8,544.16
381.0,544.73
381.2,546.23
381.4,549.09
381.6,565.44
381.8,585.23
382.0,598.67
382.2,595.14
382.4,590.67
382.6,576.76
382.8,541.05
383.0,504.46
383.2,489.02
383.4,507.22
383.6,525.85
383.8,540.06
384.0,548.57
384.2,557.04
384.4,559.28
384.6,556.31
384.8,553.60
385.0,558.39
385.2,566.63
385.4,574.80
385.6,581.39
385.8,587.31
386.0,593.77
386.2,606.68
386.4,621.45
386.6,631.43
386.8,602.30
387.0,564.55
387.2,529.52
387.4,505.26
387.6,482.11
387.8,463.33
388.0,459.04
388.2,455.90
388.4,453.40
388.6,457.30
388.8,462.81
389.0,468.32
389.2,483.99
389.4,513.28
389.6,542.64
389.8,563.08
390.0,552.06
390.2,538.29
390.4,525.60
390.6,518.24
390.8,511.60
391.0,505.04
391.2,498.76
391.4,492.51
391.6,488.57
391.8,488.75
392.0,489.01
392.2,490.25
392.4,493.70
392.6,497.11
392.8,494.96
393.0,489.84
393.2,489.80
393.4,516.43
393.6,546.93
393.8,559.47
394.0,554.48
394.2,552.66
394.4,568.24
394.6,586.34
394.8,591.24
395.0,587.56
395.2,588.27
395.4,596.37
395.6,601.48
395.8,598.45
396.0,595.14
396.2,596.39
396.4,599.73
396.6,599.45
396.8,593.53
397.0,593.14
397.2,600.13
397.4,604.10
397.6,601.91
397.8,601.54
398.0,607.10
398.2,611.51
398.4,610.15
398.6,607.51
398.8,600.87
399.0,593.71
399.2,587.21
399.4,582.64
399.6,592.67
399.8,604.57
400.0,606.65
400.2,610.11
400.4,634.91
400.6,656.78
400.8,643.91
401.0,629.27
401.2,627.32
401.4,628.07
401.6,631.43
401.8,636.39
402.0,643.15
402.2,644.93
402.4,642.66
402.6,641.28
402.8,641.00
403.0,646.79
403.2,655.39
403.4,669.80
403.6,677.99
403.8,668.97
404.0,666.80
404.2,672.15
404.4,669.49
404.6,663.42
404.8,661.93
405.0,662.54
405.2,660.83
405.4,664.06
405.6,685.37
405.8,701.34
406.0,705.69
406.2,695.51
406.4,677.98
406.6,679.77
406.8,691.06
407.0,713.83
407.2,731.48
407.4,720.13
407.6,705.58
407.8,689.68
408.0,684.12
408.2,690.88
408.4,698.43
408.6,706.88
408.8,711.75
409.0,713.53
409.2,709.39
409.4,702.21
409.6,702.67
409.8,707.84
410.0,710.68
410.2,712.19
410.4,710.46
410.6,705.00
410.8,700.24
411.0,696.92
411.2,694.87
411.4,697.22
411.6,700.18
411.8,704.88
412.0,709.48
412.2,697.53
412.4,677.29
412.6,660.39
412.8,657.64
413.0,656.69
413.2,665.29
413.4,679.14
413.6,690.21
413.8,693.04
414.0,694.79
414.2,689.80
414.4,682.77
414.6,674.18
414.8,659.66
415.0,644.62
415.2,638.50
415.4,638.66
415.6,634.96
415.8,621.74
416.0,622.76
416.2,627.79
416.4,631.27
416.6,633.18
416.8,633.48
417.0,633.81
417.2,657.30
417.4,659.59
417.6,652.24
417.8,662.54
418.0,645.17
418.2,645.20
418.4,658.30
418.6,659.74
418.8,656.70
419.0,657.24
419.2,661.71
419.4,668.25
419.6,681.27
419.8,678.86
420.0,681.12
420.2,691.50
420.4,683.12
420.6,689.18
420.8,699.34
421.0,700.73
421.2,701.84
421.4,698.01
421.6,685.46
421.8,686.71
422.0,685.19
422.2,674.90
422.4,682.79
422.6,685.50
422.8,673.70
423.0,661.77
423.2,653.86
423.4,645.75
423.6,634.78
423.8,623.57
424.0,611.41
424.2,600.59
424.4,603.68
424.6,612.72
424.8,611.58
425.0,568.40
425.2,505.98
425.4,504.98
425.6,504.96
425.8,484.62
426.0,461.78
426.2,459.41
426.4,461.74
426.6,459.54
426.8,461.35
427.0,464.01
427.2,444.35
427.4,415.17
427.6,414.45
427.8,417.47
428.0,426.65
428.2,438.37
428.4,450.10
428.6,461.82
428.8,464.48
429.0,430.74
429.2,403.74
429.4,396.18
429.6,389.04
429.8,382.73
430.0,380.56
430.2,381.06
430.4,382.21
430.6,383.36
430.8,384.95
431.0,389.13
431.2,392.92
431.4,392.34
431.6,391.12
431.8,389.90
432.0,389.38
432.2,389.77
432.4,390.17
432.6,390.56
432.8,390.96
433.0,391.33
433.2,390.13
433.4,388.02
433.6,385.90
433.8,383.79
434.0,381.68
434.2,380.60
434.4,380.60
434.6,380.60
434.8,380.60
435.0,380.60
435.2,380.60
435.4,380.90
435.6,381.62
435.8,382.33
436.0,383.05
436.2,383.76
436.4,384.49
436.6,385.85
436.8,387.52
437.0,389.19
437.2,390.87
437.4,392.54
437.6,394.16
437.8,394.11
438.0,393.28
438.2,392.45
438.4,391.77
438.6,392.82
438.8,394.38
439.0,395.94
439.2,397.51
439.4,399.07
439.6,400.63
439.8,402.19
440.0,403.75
440.2,403.69
440.4,402.12
440.6,400.64
440.8,404.04
441.0,410.26
441.2,416.49
441.4,422.71
441.6,428.93
441.8,435.11
442.0,437.63
442.2,437.83
442.4,438.02
442.6,438.21
442.8,438.41
443.0,438.60
443.2,438.76
443.4,438.91
443.6,444.56
443.8,460.27
444.0,476.20
444.2,484.30
444.4,456.60
444.6,429.04
444.8,420.99
445.0,415.17
445.2,410.96
445.4,422.90
445.6,438.99
445.8,452.54
446.0,458.51
446.2,463.97
446.4,469.43
446.6,477.22
446.8,494.41
447.0,497.86
447.2,475.23
447.4,452.10
447.6,430.44
447.8,420.64
448.0,413.44
448.2,406.24
448.4,399.04
448.6,391.86
448.8,387.97
449.0,386.72
449.2,385.46
449.4,384.21
449.6,382.96
449.8,381.70
450.0,381.20
450.2,381.65
450.4,382.11
450.6,382.56
450.8,383.02
451.0,383.47
451.2,385.40
451.4,388.86
451.6,392.32
451.8,395.77
452.0,399.23
452.2,402.73
452.4,406.55
452.6,410.41
452.8,414.27
453.0,418.14
453.2,422.00
453.4,427.42
453.6,448.75
453.8,474.24
454.0,483.51
454.2,478.89
454.4,474.27
454.6,469.63
454.8,460.73
455.0,448.58
455.2,436.73
455.4,429.52
455.6,423.91
455.8,418.30
456.0,413.20
456.2,411.86
456.4,411.28
456.6,410.70
456.8,410.13
457.0,409.55
457.2,408.98
457.4,408.34
457.6,407.09
457.8,405.68
458.0,404.28
458.2,402.87
458.4,401.46
458.6,400.05
458.8,398.64
459.0,398.92
459.2,400.60
459.4,402.28
459.6,403.96
459.8,405.65
460.0,407.33
460.2,409.98
460.4,415.42
460.6,421.04
460.8,434.07
461.0,457.40
461.2,480.80
461.4,504.19
461.6,514.46
461.8,494.17
462.0,472.68
462.2,467.13
462.4,474.62
462.6,482.10
462.8,489.09
463.0,486.56
463.2,480.34
463.4,474.11
463.6,467.89
463.8,461.67
464.0,455.44
464.2,449.39
464.4,447.07
464.6,446.27
464.8,445.47
465.0,444.67
465.2,443.87
465.4,443.08
465.6,442.37
465.8,446.57
466.0,453.55
466.2,460.53
466.4,467.51
466.6,474.49
466.8,481.47
467.0,488.37
467.2,490.99
467.4,491.13
467.6,491.16
467.8,480.57
468.0,463.02
468.2,445.46
468.4,431.52
468.6,432.41
468.8,434.90
469.0,437.40
469.2,439.89
469.4,442.75
469.6,449.35
469.8,456.91
470.0,464.47
470.2,472.02
470.4,479.51
470.6,482.27
470.8,482.18
471.0,482.08
471.2,481.99
471.4,481.90
471.6,481.02
471.8,474.06
472.0,465.81
472.2,457.56
472.4,449.31
472.6,441.84
472.8,442.66
473.0,445.72
473.2,448.77
473.4,451.82
473.6,454.88
473.8,458.23
474.0,461.76
474.2,465.29
474.4,468.82
474.6,472.35
474.8,476.61
475.0,482.18
475.2,487.78
475.4,493.37
475.6,498.97
475.8,504.05
476.0,506.93
476.2,509.54
476.4,512.15
476.6,514.76
476.8,517.33
477.0,519.78
477.2,522.21
477.4,524.65
477.6,527.02
477.8,524.11
478.0,517.88
478.2,511.65
478.4,505.41
478.6,499.18
478.8,499.42
479.0,506.38
479.2,513.35
479.4,520.32
479.6,527.28
479.8,524.46
480.0,509.89
480.2,501.17
480.4,496.82
480.6,492.83
480.8,493.92
481.0,496.69
481.2,499.46
481.4,502.22
481.6,504.39
481.8,505.01
482.0,505.55
482.2,506.10
482.4,506.83
482.6,508.82
482.8,511.06
483.0,513.30
483.2,515.57
483.4,520.45
483.6,527.03
483.8,533.61
484.0,540.19
484.2,543.59
484.4,543.43
484.6,543.26
484.8,543.10
485.0,545.60
485.2,552.01
485.4,558.45
485.6,564.89
485.8,570.22
486.0,574.00
486.2,577.78
486.4,581.47
486.6,582.74
486.8,582.93
487.0,583.12
487.2,584.02
487.4,591.43
487.6,600.40
487.8,609.37
488.0,616.06
488.2,618.59
488.4,621.03
488.6,622.98
488.8,616.27
489.0,606.41
489.2,596.56
489.4,587.02
489.6,578.87
489.8,570.89
490.0,562.91
490.2,561.43
490.4,568.57
490.6,575.74
490.8,581.70
491.0,573.13
491.2,560.33
491.4,547.53
491.6,535.19
491.8,525.95
492.0,517.30
492.2,508.65
492.4,501.32
492.6,500.36
492.8,500.23
493.0,500.11
493.2,501.04
493.4,505.17
493.6,509.53
493.8,513.88
494.0,515.25
494.2,510.11
494.4,504.74
494.6,499.38
494.8,497.34
495.0,501.96
495.2,506.77
495.4,511.58
495.6,515.14
495.8,517.09
496.0,519.03
496.2,520.94
496.4,520.74
496.6,519.29
496.8,517.85
497.0,516.27
497.2,513.75
497.4,511.05
497.6,508.34
497.8,506.35
498.0,506.93
498.2,507.76
498.4,508.58
498.6,508.11
498.8,505.54
499.0,502.93
499.2,500.34
499.4,498.72
499.6,497.73
499.8,496.75
500.0,496.20
500.2,499.50
500.4,503.72
500.6,507.94
500.8,511.85
501.0,514.55
501.2,517.12
501.4,519.70
501.6,521.46
501.8,520.36
502.0,519.01
502.2,517.69
502.4,516.95
502.6,516.44
502.8,515.93
503.0,515.87
503.2,522.44
503.4,531.22
503.6,540.01
503.8,548.38
504.0,554.03
504.2,559.19
504.4,564.25
504.6,558.85
504.8,546.30
505.0,533.74
505.2,528.14
505.4,541.08
505.6,555.02
505.8,568.97
506.0,580.61
506.2,586.77
506.4,592.69
506.6,598.60
506.8,597.03
507.0,589.08
507.2,581.13
507.4,574.49
507.6,575.66
507.8,578.12
508.0,580.58
508.2,579.27
508.4,572.89
508.6,566.49
508.8,560.09
509.0,553.80
509.2,547.64
509.4,541.49
509.6,535.37
509.8,530.94
510.0,527.41
510.2,523.88
510.4,520.21
510.6,514.40
510.8,507.82
511.0,501.24
511.2,495.33
511.4,492.71
511.6,490.54
511.8,488.37
512.0,486.92
512.2,486.63
512.4,486.36
512.6,486.10
512.8,486.42
513.0,487.05
513.2,487.68
513.4,488.52
513.6,490.56
513.8,492.79
514.0,495.02
514.2,497.61
514.4,500.71
514.6,503.81
514.8,506.97
515.0,510.48
515.2,514.06
515.4,517.63
515.6,504.64
515.8,483.11
516.0,479.23
516.2,483.81
516.4,499.41
516.6,504.89
516.8,507.72
517.0,507.76
517.2,507.55
517.4,507.50
517.6,508.79
517.8,510.38
518.0,511.75
518.2,509.07
518.4,504.84
518.6,500.68
518.8,500.76
519.0,503.34
519.2,505.93
519.4,508.52
519.6,511.10
519.8,513.69
520.0,516.28
520.2,518.86
520.4,521.45
520.6,523.61
520.8,523.36
521.0,522.73
521.2,522.18
521.4,524.73
521.6,528.80
521.8,532.87
522.0,532.36
522.2,526.81
522.4,521.27
522.6,517.30
522.8,521.11
523.0,525.97
523.2,530.83
523.4,531.91
523.6,527.77
523.8,523.59
524.0,519.48
524.2,520.40
524.4,524.66
524.6,528.93
524.8,532.95
525.0,534.68
525.2,535.81
525.4,536.95
525.6,538.03
525.8,538.88
526.0,539.71
526.2,540.53
526.4,539.65
526.6,536.54
526.8,533.43
527.0,530.31
527.2,527.43
527.4,524.75
527.6,522.06
527.8,519.40
528.0,518.85
528.2,516.47
528.4,496.89
528.6,474.79
528.8,461.05
529.0,455.78
529.2,450.51
529.4,445.24
529.6,441.39
529.8,442.75
530.0,444.58
530.2,446.42
530.4,448.25
530.6,448.49
530.8,443.38
531.0,437.82
531.2,432.27
531.4,426.72
531.6,421.53
531.8,420.64
532.0,421.01
532.2,421.38
532.4,421.75
532.6,422.12
532.8,424.99
533.0,431.26
533.2,437.55
533.4,443.83
533.6,450.12
533.8,456.17
534.0,456.80
534.2,455.18
534.4,453.57
534.6,451.96
534.8,450.35
535.0,452.18
535.2,458.86
535.4,465.58
535.6,472.29
535.8,479.00
536.0,485.71
536.2,490.59
536.4,491.84
536.6,492.99
536.8,494.15
537.0,495.30
537.2,495.82
537.4,486.97
537.6,475.03
537.8,465.38
538.0,459.64
538.2,453.96
538.4,447.60
538.6,436.17
538.8,423.73
539.0,413.95
539.2,409.23
539.4,404.63
539.6,400.29
539.8,398.27
540.0,396.81
540.2,395.35
540.4,393.89
540.6,392.43
540.8,391.56
541.0,393.93
541.2,396.81
541.4,399.68
541.6,402.55
541.8,405.42
542.0,407.67
542.2,407.39
542.4,406.84
542.6,406.30
542.8,405.74
543.0,405.20
543.2,405.29
543.4,408.61
543.6,412.38
543.8,416.16
544.0,419.93
544.2,423.70
544.4,425.96
544.6,424.63
544.8,423.15
545.0,421.67
545.2,420.18
545.4,418.69
545.6,417.13
545.8,415.53
546.0,413.93
546.2,412.33
546.4,410.73
546.6,409.07
546.8,405.63
547.0,401.37
547.2,397.11
547.4,392.85
547.6,393.06
547.8,401.55
548.0,410.22
548.2,418.90
548.4,427.57
548.6,435.01
548.8,440.05
549.0,445.03
549.2,450.00
549.4,454.95
549.6,459.02
549.8,462.71
550.0,466.40
550.2,470.10
550.4,472.65
550.6,473.99
550.8,475.34
551.0,476.68
551.2,478.98
551.4,482.18
551.6,485.38
551.8,488.58
552.0,482.56
552.2,458.01
552.4,440.49
552.6,434.01
552.8,438.87
553.0,451.37
553.2,463.88
553.4,474.98
553.6,484.07
553.8,493.14
554.0,501.55
554.2,507.81
554.4,513.92
554.6,521.45
554.8,534.80
555.0,548.77
555.2,560.50
555.4,568.81
555.6,576.24
555.8,576.81
556.0,575.88
556.2,569.28
556.4,554.68
556.6,540.04
556.8,524.98
557.0,509.25
557.2,492.40
557.4,471.58
557.6,450.59
557.8,442.67
558.0,442.67
558.2,444.50
558.4,453.52
558.6,463.26
558.8,472.60
559.0,481.57
559.2,490.29
559.4,495.09
559.6,498.55
559.8,502.60
560.0,508.46
560.2,513.98
560.4,511.41
560.6,495.96
560.8,476.34
561.0,467.63
561.2,475.51
561.4,482.84
561.6,485.71
561.8,489.89
562.0,494.82
562.2,496.35
562.4,495.18
562.6,503.65
562.8,521.65
563.0,531.54
563.2,529.91
563.4,532.70
563.6,545.43
563.8,553.05
564.0,551.00
564.2,554.74
564.4,569.72
564.6,579.39
564.8,580.67
565.0,583.27
565.2,587.49
565.4,585.64
565.6,579.31
565.8,592.14
566.0,618.50
566.2,623.74
566.4,619.43
566.6,621.07
566.8,624.86
567.0,623.45
567.2,619.81
567.4,611.91
567.6,605.14
567.8,609.47
568.0,614.28
568.2,613.91
568.4,610.81
568.6,599.18
568.8,589.44
569.0,589.39
569.2,589.84
569.4,589.38
569.6,588.82
569.8,588.16
570.0,586.60
570.2,582.95
570.4,581.89
570.6,589.81
570.8,596.20
571.0,595.30
571.2,595.53
571.4,602.53
571.6,608.93
571.8,607.09
572.0,604.81
572.2,608.59
572.4,612.99
572.6,613.17
572.8,612.28
573.0,612.49
573.2,612.99
573.4,608.61
573.6,601.78
573.8,603.15
574.0,612.58
574.2,617.35
574.4,611.33
574.6,605.44
574.8,602.74
575.0,600.31
575.2,593.73
575.4,585.53
575.6,582.04
575.8,585.75
576.0,588.64
576.2,587.14
576.4,585.06
576.6,586.48
576.8,591.55
577.0,595.21
577.2,590.03
577.4,583.34
577.6,582.11
577.8,590.83
578.0,599.48
578.2,601.91
578.4,601.79
578.6,602.56
578.8,607.90
579.0,613.87
579.2,617.22
579.4,614.23
579.6,610.95
579.8,581.97
580.0,521.42
580.2,510.23
580.4,502.88
580.6,497.28
580.8,491.70
581.0,486.23
581.2,484.93
581.4,485.80
581.6,486.68
581.8,487.56
582.0,488.02
582.2,486.89
582.4,485.62
582.6,484.35
582.8,483.07
583.0,482.07
583.2,481.37
583.4,480.68
583.6,479.98
583.8,479.28
584.0,478.58
584.2,477.89
584.4,477.19
584.6,476.49
584.8,475.79
585.0,475.10
585.2,474.40
585.4,473.70
585.6,473.00
585.8,472.31
586.0,471.61
586.2,470.91
586.4,469.65
586.6,466.54
586.8,463.30
587.0,460.05
587.2,456.81
587.4,453.57
587.6,452.22
587.8,455.19
588.0,458.34
588.2,461.48
588.4,464.62
588.6,467.67
588.8,469.87
589.0,471.89
589.2,473.91
589.4,475.93
589.6,477.95
589.8,478.88
590.0,464.65
590.2,445.55
590.4,430.98
590.6,435.10
590.8,441.27
591.0,447.43
591.2,453.60
591.4,459.76
591.6,465.93
591.8,472.10
592.0,478.26
592.2,483.98
592.4,488.55
592.6,493.05
592.8,497.56
593.0,502.06
593.2,506.56
593.4,511.28
593.6,516.43
593.8,521.59
594.0,526.75
594.2,531.91
594.4,536.56
594.6,522.55
594.8,499.13
595.0,475.71
595.2,461.33
595.4,457.60
595.6,453.89
595.8,450.19
596.0,449.54
596.2,451.97
596.4,454.39
596.6,456.82
596.8,459.25
597.0,461.68
597.2,464.16
597.4,470.87
597.6,480.16
597.8,489.46
598.0,499.42
598.2,510.61
598.4,521.84
598.6,533.05
598.8,542.55
599.0,542.62
599.2,541.27
599.4,539.93
599.6,538.58
599.8,537.23
600.0,535.89
600.2,534.69
600.4,535.29
600.6,536.42
600.8,537.55
601.0,538.68
601.2,539.81
601.4,540.94
601.6,541.95
601.8,540.54
602.0,538.23
602.2,535.92
602.4,533.60
602.6,531.29
602.8,528.98
603.0,526.65
603.2,523.70
603.4,520.42
603.6,517.14
603.8,513.86
604.0,510.58
604.2,507.29
604.4,504.15
604.6,505.94
604.8,510.20
605.0,514.45
605.2,518.70
605.4,522.96
605.6,527.21
605.8,531.38
606.0,533.22
606.2,533.99
606.4,534.76
606.6,535.53
606.8,536.30
607.0,537.07
607.2,539.32
607.4,545.44
607.6,551.77
607.8,558.10
608.0,564.44
608.2,570.77
608.4,576.62
608.6,577.44
608.8,576.91
609.0,577.61
609.2,579.33
609.4,581.06
609.6,582.77
609.8,584.44
610.0,586.11
610.2,587.77
610.4,589.44
610.6,591.10
610.8,593.23
611.0,597.56
611.2,602.19
611.4,606.82
611.6,611.45
611.8,616.08
612.0,618.68
612.2,615.85
612.4,612.73
612.6,609.60
612.8,606.48
613.0,603.36
613.2,601.59
613.4,604.52
613.6,607.84
613.8,611.16
614.0,614.48
614.2,617.80
614.4,620.07
614.6,619.66
614.8,619.12
615.0,618.57
615.2,618.03
615.4,617.49
615.6,616.89
615.8,616.04
616.0,615.17
616.2,614.29
616.4,613.42
616.6,612.54
616.8,611.67
617.0,610.75
617.2,609.72
617.4,608.69
617.6,607.66
617.8,606.62
618.0,605.59
618.2,604.56
618.4,603.76
618.6,603.52
618.8,603.30
619.0,603.08
619.2,602.86
619.4,602.64
619.6,602.42
619.8,602.94
620.0,603.97
620.2,604.99
620.4,606.02
620.6,607.04
620.8,608.06
621.0,609.24
621.2,613.41
621.4,618.76
621.6,624.10
621.8,630.68
622.0,638.41
622.2,646.13
622.4,653.86
622.6,657.43
622.8,644.99
623.0,630.97
623.2,617.46
623.4,606.08
623.6,594.93
623.8,583.78
624.0,573.62
624.2,572.01
624.4,572.34
624.6,569.72
624.8,550.69
625.0,529.14
625.2,507.58
625.4,486.23
625.6,477.31
625.8,475.73
626.0,472.87
626.2,458.28
626.4,440.87
626.6,423.45
626.8,406.04
627.0,389.60
627.2,383.75
627.4,380.78
627.6,377.81
627.8,374.84
628.0,371.86
628.2,368.89
628.4,365.92
628.6,362.95
628.8,359.98
629.0,357.01
629.2,356.53
629.4,358.09
629.6,359.65
629.8,361.21
630.0,362.77
630.2,364.34
630.4,365.90
630.6,367.46
630.8,369.02
631.0,370.58
631.2,372.14
631.4,373.71
631.6,375.27
631.8,375.99
632.0,374.83
632.2,373.60
632.4,372.36
632.6,371.13
632.8,369.90
633.0,368.66
633.2,367.43
633.4,366.20
633.6,364.96
633.8,363.73
634.0,362.50
634.2,361.27
634.4,361.18
634.6,362.16
634.8,363.14
635.0,364.12
635.2,365.10
635.4,366.08
635.6,367.07
635.8,368.05
636.0,369.03
636.2,370.01
636.4,370.99
636.6,371.97
636.8,372.95
637.0,373.32
637.2,373.29
637.4,373.27
637.6,373.24
637.8,373.22
638.0,373.19
638.2,373.17
638.4,373.14
638.6,373.12
638.8,373.10
639.0,373.07
639.2,373.05
639.4,373.02
639.6,372.97
639.8,372.74
640.0,372.49
640.2,372.24
640.4,371.98
640.6,371.73
640.8,371.48
641.0,371.22
641.2,370.97
641.4,370.72
641.6,370.46
641.8,370.21
642.0,369.96
642.2,369.70
642.4,369.67
642.6,373.06
642.8,377.61
643.0,382.15
643.2,387.04
643.4,393.42
643.6,399.98
643.8,406.55
644.0,413.11
644.2,419.67
644.4,426.17
644.6,428.67
644.8,428.67
645.0,428.67
645.2,428.67
645.4,428.67
645.6,428.67
645.8,428.67
646.0,428.67
646.2,428.67
646.4,428.67
646.6,428.66
646.8,428.48
647.0,428.21
647.2,427.94
647.4,427.67
647.6,427.40
647.8,427.14
648.0,426.87
648.2,426.60
648.4,426.33
648.6,426.06
648.8,425.79
649.0,424.98
649.2,423.72
649.4,422.46
649.6,421.20
649.8,419.94
650.0,418.67
650.2,417.41
650.4,416.15
650.6,414.89
650.8,414.07
651.0,413.52
651.2,412.97
651.4,412.43
651.6,411.88
651.8,411.33
652.0,410.79
652.2,410.24
652.4,409.70
652.6,409.13
652.8,408.02
653.0,406.67
653.2,405.32
653.4,403.97
653.6,402.62
653.8,401.27
654.0,399.92
654.2,398.57
654.4,397.23
654.6,397.95
654.8,400.11
655.0,402.26
655.2,404.41
655.4,406.56
655.6,408.72
655.8,410.87
656.0,413.01
656.2,411.62
656.4,407.24
656.6,402.87
656.8,397.71
657.0,387.07
657.2,375.37
657.4,363.67
657.6,351.97
657.8,344.36
658.0,345.92
658.2,347.82
658.4,349.72
658.6,351.62
658.8,353.52
659.0,355.41
659.2,357.31
659.4,359.59
659.6,364.35
659.8,369.55
660.0,374.75
660.2,379.96
660.4,385.16
660.6,390.37
660.8,395.57
661.0,400.37
661.2,399.74
661.4,397.41
661.6,395.09
661.8,392.76
662.0,390.43
662.2,388.10
662.4,385.77
662.6,385.85
662.8,389.68
663.0,393.56
663.2,397.43
663.4,401.31
663.6,405.19
663.8,409.07
664.0,412.54
664.2,410.74
664.4,407.29
664.6,403.85
664.8,400.41
665.0,396.96
665.2,393.52
665.4,390.08
665.6,386.63
665.8,383.19
666.0,379.74
666.2,376.56
666.4,375.60
666.6,375.16
666.8,374.72
667.0,373.78
667.2,370.78
667.4,367.55
667.6,365.67
667.8,370.36
668.0,375.93
668.2,381.50
668.4,385.80
668.6,388.06
668.8,390.17
669.0,391.71
669.2,393.17
669.4,394.63
669.6,396.91
669.8,408.67
670.0,423.15
670.2,437.62
670.4,452.10
670.6,466.57
670.8,481.04
671.0,479.90
671.2,447.40
671.4,445.05
671.6,451.64
671.8,458.24
672.0,463.95
672.2,468.27
672.4,476.66
672.6,492.35
672.8,508.18
673.0,523.60
673.2,522.95
673.4,515.26
673.6,524.45
673.8,539.23
674.0,554.01
674.2,562.84
674.4,563.55
674.6,561.35
674.8,558.59
675.0,555.83
675.2,553.73
675.4,552.40
675.6,549.89
675.8,544.94
676.0,539.92
676.2,525.44
676.4,485.28
676.6,457.33
676.8,461.37
677.0,465.33
677.2,464.23
677.4,468.73
677.6,478.38
677.8,487.92
678.0,492.92
678.2,495.08
678.4,494.94
678.6,494.50
678.8,494.37
679.0,497.98
679.2,529.34
679.4,512.07
679.6,480.85
679.8,457.65
680.0,449.82
680.2,449.73
680.4,458.67
680.6,469.56
680.8,485.01
681.0,487.34
681.2,484.54
681.4,482.18
681.6,483.61
681.8,486.76
682.0,492.89
682.2,499.28
682.4,506.74
682.6,520.61
682.8,535.66
683.0,517.91
683.2,499.93
683.4,495.87
683.6,498.00
683.8,498.37
684.0,498.69
684.2,501.14
684.4,505.04
684.6,511.19
684.8,517.45
685.0,517.63
685.2,514.78
685.4,511.93
685.6,509.08
685.8,510.36
686.0,514.85
686.2,518.00
686.4,520.82
686.6,522.06
686.8,524.81
687.0,528.91
687.2,533.01
687.4,536.55
687.6,534.43
687.8,530.85
688.0,528.45
688.2,528.64
688.4,533.23
688.6,537.72
688.8,540.93
689.0,546.65
689.2,553.42
689.4,550.06
689.6,542.35
689.8,548.71
690.0,553.97
690.2,550.68
690.4,552.31
690.6,557.98
690.8,564.30
691.0,571.37
691.2,578.45
691.4,581.02
691.6,570.14
691.8,568.78
692.0,569.52
692.2,562.37
692.4,566.72
692.6,585.91
692.8,597.84
693.0,599.88
693.2,594.72
693.4,592.15
693.6,599.21
693.8,607.00
694.0,615.14
694.2,625.46
694.4,632.42
694.6,637.19
694.8,636.68
695.0,639.33
695.2,647.80
695.4,644.47
695.6,634.22
695.8,640.37
696.0,645.97
696.2,643.67
696.4,643.63
696.6,643.83
696.8,632.73
697.0,621.43
697.2,615.57
697.4,609.75
697.6,604.59
697.8,604.12
698.0,604.03
698.2,593.57
698.4,590.40
698.6,594.21
698.8,598.02
699.0,601.82
699.2,602.56
699.4,597.81
699.6,589.61
699.8,572.44
700.0,569.89
700.2,576.32
700.4,580.35
700.6,579.05
700.8,582.47
701.0,588.52
701.2,592.16
701.4,580.35
701.6,572.83
701.8,577.79
702.0,582.97
702.2,587.78
702.4,592.43
702.6,597.34
702.8,602.36
703.0,600.59
703.2,589.25
703.4,583.65
703.6,587.64
703.8,591.71
704.0,591.34
704.2,588.93
704.4,592.21
704.6,596.59
704.8,600.76
705.0,597.16
705.2,589.71
705.4,587.39
705.6,595.17
705.8,603.22
706.0,609.74
706.2,610.33
706.4,607.43
706.6,586.35
706.8,562.09
707.0,537.82
707.2,518.34
707.4,511.09
707.6,505.57
707.8,506.54
708.0,508.56
708.2,510.58
708.4,512.90
708.6,516.20
708.8,520.13
709.0,537.60
709.2,560.99
709.4,584.37
709.6,602.24
709.8,569.13
710.0,560.51
710.2,559.12
710.4,567.38
710.6,575.95
710.8,584.52
711.0,589.12
711.2,583.83
711.4,578.07
711.6,574.32
711.8,577.40
712.0,581.04
712.2,584.67
712.4,588.12
712.6,591.00
712.8,593.83
713.0,596.26
713.2,595.81
713.4,594.76
713.6,593.72
713.8,590.68
714.0,583.71
714.2,577.47
714.4,575.41
714.6,573.89
714.8,572.38
715.0,570.87
715.2,563.81
715.4,549.38
715.6,534.62
715.8,513.47
716.0,489.70
716.2,465.93
716.4,442.40
716.6,427.95
716.8,418.14
717.0,408.34
717.2,400.04
717.4,399.83
717.6,400.84
717.8,401.85
718.0,401.86
718.2,398.80
718.4,395.54
718.6,392.61
718.8,394.31
719.0,397.49
719.2,400.66
719.4,403.83
719.6,406.81
719.8,406.50
720.0,405.03
720.2,403.55
720.4,402.08
720.6,409.81
720.8,434.35
721.0,459.25
721.2,483.75
721.4,496.34
721.6,503.39
721.8,510.43
722.0,518.59
722.2,528.41
722.4,538.24
722.6,548.07
722.8,557.90
723.0,565.31
723.2,564.18
723.4,562.30
723.6,560.44
723.8,563.11
724.0,569.35
724.2,575.59
724.4,573.04
724.6,538.47
724.8,500.98
725.0,485.68
725.2,502.81
725.4,520.22
725.6,537.63
725.8,554.60
726.0,549.10
726.2,530.99
726.4,512.90
726.6,509.88
726.8,520.49
727.0,531.11
727.2,539.15
727.4,536.55
727.6,532.81
727.8,534.32
728.0,541.88
728.2,549.44
728.4,556.41
728.6,548.95
728.8,535.47
729.0,533.31
729.2,538.00
729.4,542.69
729.6,547.39
729.8,550.13
730.0,547.78
730.2,545.20
730.4,543.28
730.6,541.59
730.8,539.91
731.0,537.48
731.2,527.01
731.4,515.18
731.6,517.47
731.8,524.74
732.0,532.02
732.2,533.97
732.4,523.99
732.6,521.46
732.8,522.84
733.0,524.23
733.2,525.69
733.4,527.38
733.6,528.91
733.8,526.67
734.0,522.95
734.2,519.78
734.4,519.63
734.6,520.57
734.8,524.62
735.0,529.08
735.2,528.12
735.4,521.63
735.6,521.05
735.8,529.72
736.0,538.37
736.2,542.97
736.4,546.03
736.6,551.45
736.8,557.36
737.0,556.83
737.2,546.40
737.4,534.60
737.6,521.84
737.8,505.90
738.0,458.76
738.2,421.97
738.4,416.85
738.6,412.30
738.8,408.16
739.0,407.72
739.2,408.12
739.4,407.05
739.6,405.07
739.8,403.68
740.0,406.60
740.2,410.11
740.4,411.58
740.6,412.61
740.8,413.51
741.0,407.73
741.2,398.26
741.4,389.98
741.6,393.61
741.8,400.28
742.0,406.84
742.2,406.99
742.4,403.36
742.6,404.38
742.8,410.29
743.0,416.20
743.2,422.20
743.4,428.81
743.6,435.53
743.8,436.40
744.0,430.65
744.2,424.90
744.4,421.61
744.6,421.44
744.8,421.93
745.0,424.86
745.2,428.02
745.4,431.09
745.6,428.20
745.8,421.72
746.0,416.48
746.2,419.31
746.4,423.63
746.6,426.08
746.8,416.70
747.0,405.62
747.2,402.91
747.4,403.59
747.6,404.27
747.8,402.64
748.0,397.83
748.2,393.56
748.4,396.52
748.6,401.69
748.8,406.65
749.0,399.63
749.2,385.78
749.4,380.05
749.6,386.07
749.8,392.18
750.0,398.17
750.2,401.87
750.4,404.71
750.6,407.97
750.8,413.87
751.0,420.24
751.2,426.15
751.4,420.33
751.6,409.39
751.8,403.28
752.0,410.07
752.2,417.56
752.4,425.05
752.6,430.25
752.8,427.86
753.0,424.88
753.2,421.90
753.4,418.92
753.6,415.93
753.8,412.95
754.0,410.05
754.2,407.88
754.4,408.09
754.6,413.58
754.8,419.29
755.0,425.01
755.2,430.98
755.4,437.49
755.6,442.77
755.8,437.82
756.0,430.59
756.2,423.36
756.4,422.57
756.6,431.26
756.8,443.88
757.0,470.43
757.2,480.26
757.4,495.86
757.6,503.96
757.8,501.04
758.0,498.39
758.2,494.59
758.4,481.29
758.6,453.19
758.8,426.62
759.0,427.03
759.2,433.65
759.4,440.64
759.6,447.70
759.8,454.75
760.0,460.91
760.2,459.76
760.4,456.98
760.6,454.55
760.8,457.11
761.0,461.27
761.2,465.42
761.4,469.58
761.6,473.01
761.8,473.73
762.0,474.74
762.2,483.86
762.4,495.71
762.6,507.56
762.8,518.98
763.0,525.73
763.2,531.20
763.4,536.74
763.6,545.19
763.8,553.93
764.0,552.27
764.2,551.38
764.4,557.47
764.6,553.51
764.8,522.37
765.0,530.51
765.2,507.79
765.4,480.95
765.6,467.77
765.8,463.75
766.0,463.49
766.2,466.46
766.4,476.45
766.6,489.13
766.8,501.80
767.0,514.22
767.2,511.38
767.4,499.52
767.6,489.76
767.8,500.04
768.0,515.30
768.2,530.57
768.4,545.83
768.6,561.07
768.8,568.32
769.0,568.91
769.2,569.51
769.4,575.96
769.6,593.23
769.8,617.09
770.0,620.48
770.2,626.17
770.4,630.53
770.6,632.97
770.8,640.88
771.0,644.65
771.2,634.48
771.4,590.95
771.6,554.17
771.8,544.57
772.0,538.50
772.2,531.87
772.4,538.60
772.6,547.64
772.8,556.67
773.0,563.87
773.2,560.22
773.4,554.79
773.6,550.13
773.8,555.05
774.0,562.85
774.2,570.65
774.4,578.44
774.6,582.64
774.8,581.07
775.0,579.42
775.2,578.23
775.4,585.71
775.6,596.48
775.8,607.24
776.0,615.66
776.2,611.62
776.4,605.75
776.6,604.89
776.8,617.37
777.0,630.58
777.2,643.78
777.4,656.42
777.6,664.79
777.8,672.31
778.0,678.30
778.2,665.51
778.4,647.12
778.6,628.74
778.8,613.37
779.0,606.80
779.2,600.84
779.4,600.85
779.6,605.21
779.8,609.57
780.0,613.94
780.2,618.25
780.4,622.53
780.6,626.80
780.8,630.03
781.0,630.89
781.2,631.66
781.4,632.43
781.6,632.81
781.8,628.16
782.0,624.47
782.2,627.66
782.4,631.25
782.6,634.84
782.8,638.09
783.0,633.81
783.2,626.42
783.4,620.19
783.6,626.94
783.8,637.34
784.0,647.74
784.2,650.90
784.4,645.68
784.6,641.25
784.8,649.47
785.0,662.05
785.2,674.63
785.4,684.63
785.6,682.81
785.8,679.52
786.0,681.34
786.2,697.80
786.4,715.24
786.6,716.77
786.8,706.53
787.0,708.40
787.2,694.14
787.4,679.43
787.6,664.57
787.8,639.46
788.0,608.12
788.2,586.01
788.4,577.99
788.6,570.12
788.8,562.21
789.0,554.02
789.2,545.90
789.4,542.69
789.6,541.95
789.8,541.21
790.0,539.65
790.2,526.07
790.4,508.50
790.6,490.97
790.8,486.19
791.0,492.02
791.2,497.85
791.4,500.31
791.6,489.70
791.8,477.80
792.0,467.65
792.2,467.06
792.4,467.89
792.6,468.72
792.8,469.18
793.0,465.51
793.2,460.70
793.4,455.90
793.6,450.68
793.8,443.18
794.0,435.34
794.2,427.50
794.4,421.05
794.6,422.88
794.8,426.09
795.0,427.75
795.2,426.35
795.4,424.86
795.6,423.36
795.8,421.87
796.0,420.38
796.2,418.89
796.4,416.15
796.6,411.59
796.8,407.01
797.0,402.44
797.2,397.96
797.4,402.76
797.6,413.58
797.8,424.40
798.0,435.22
798.2,446.04
798.4,454.92
798.6,446.89
798.8,434.93
799.0,422.98
799.2,411.02
799.4,400.56
799.6,398.38
799.8,397.48
800.0,396.58
800.2,395.67
800.4,394.77
800.6,392.24
800.8,388.16
801.0,384.07
801.2,379.99
801.4,377.07
801.6,378.58
