Time(kyBP),CO2(ppm)
0.0,310.93
0.2,285.59
0.4,285.59
0.6,285.59
0.8,285.59
1.0,285.59
1.2,285.59
1.4,285.59
1.6,285.59
1.8,285.59
2.0,285.59
2.2,285.59
2.4,285.59
2.6,285.59
2.8,283.60
3.0,281.61
3.2,279.63
3.4,277.64
3.6,275.65
3.8,273.67
4.0,270.61
4.2,267.95
4.4,267.48
4.6,267.02
4.8,266.57
5.0,266.12
5.2,265.67
5.4,265.22
5.6,264.76
5.8,264.31
6.0,263.86
6.2,263.41
6.4,262.96
6.6,262.50
6.8,261.74
7.0,260.40
7.2,259.05
7.4,257.70
7.6,256.35
7.8,255.02
8.0,255.31
8.2,256.60
8.4,257.88
8.6,259.14
8.8,259.77
9.0,260.04
9.2,260.31
9.4,260.58
9.6,260.84
9.8,261.11
10.0,261.38
10.2,261.70
10.4,262.20
10.6,262.71
10.8,263.23
11.0,262.19
11.2,254.38
11.4,246.20
11.6,242.28
11.8,239.46
12.0,238.13
12.2,237.85
12.4,237.56
12.6,237.28
12.8,236.99
13.0,236.71
13.2,236.42
13.4,235.34
13.6,232.09
13.8,228.73
14.0,225.56
14.2,223.84
14.4,222.41
14.6,220.98
14.8,219.55
15.0,218.12
15.2,216.69
15.4,215.26
15.6,213.83
15.8,212.40
16.0,210.97
16.2,209.54
16.4,208.11
16.6,206.68
16.8,205.25
17.0,203.82
17.2,202.39
17.4,200.96
17.6,199.53
17.8,198.10
18.0,196.67
18.2,195.24
18.4,193.81
18.6,192.38
18.8,190.95
19.0,189.52
19.2,188.09
19.4,186.66
19.6,185.23
19.8,183.80
20.0,182.51
20.2,182.64
20.4,183.14
20.6,183.64
20.8,184.14
21.0,184.64
21.2,185.14
21.4,185.64
21.6,186.14
21.8,186.63
22.0,187.13
22.2,187.63
22.4,188.13
22.6,188.63
22.8,189.11
23.0,189.33
23.2,189.48
23.4,189.63
23.6,189.79
23.8,189.94
24.0,190.09
24.2,190.24
24.4,190.39
24.6,190.54
24.8,190.70
25.0,190.85
25.2,191.00
25.4,191.15
25.6,191.30
25.8,191.45
26.0,191.55
26.2,191.39
26.4,191.19
26.6,190.99
26.8,190.79
27.0,190.58
27.2,190.38
27.4,190.18
27.6,189.98
27.8,189.78
28.0,189.57
28.2,189.37
28.4,189.17
28.6,188.97
28.8,188.77
29.0,188.58
29.2,188.96
29.4,189.63
29.6,190.29
29.8,190.96
30.0,191.62
30.2,192.19
30.4,192.74
30.6,193.28
30.8,193.83
31.0,194.37
31.2,194.92
31.4,195.46
31.6,196.01
31.8,196.55
32.0,197.10
32.2,197.64
32.4,198.19
32.6,198.73
32.8,199.28
33.0,199.82
33.2,200.37
33.4,200.91
33.6,201.46
33.8,202.01
34.0,202.55
34.2,203.10
34.4,203.64
34.6,204.19
34.8,204.73
35.0,205.25
35.2,205.60
35.4,205.90
35.6,206.21
35.8,206.52
36.0,206.83
36.2,207.14
36.4,207.45
36.6,207.76
36.8,208.07
37.0,208.37
37.2,208.68
37.4,208.99
37.6,209.10
37.8,209.10
38.0,209.10
38.2,209.10
38.4,209.10
38.6,209.10
38.8,209.10
39.0,209.10
39.2,209.10
39.4,209.10
39.6,209.10
39.8,209.10
40.0,209.10
40.2,209.10
40.4,209.10
40.6,209.10
40.8,209.10
41.0,209.10
41.2,209.10
41.4,209.10
41.6,209.10
41.8,209.10
42.0,209.10
42.2,209.10
42.4,209.10
42.6,209.10
42.8,209.10
43.0,209.10
43.2,209.10
43.4,209.10
43.6,208.58
43.8,207.55
44.0,206.52
44.2,205.49
44.4,204.45
44.6,203.42
44.8,202.39
45.0,201.35
45.2,200.32
45.4,199.29
45.6,198.26
45.8,197.23
46.0,196.19
46.2,195.16
46.4,194.13
46.6,193.10
46.8,192.06
47.0,191.03
47.2,190.00
47.4,189.28
47.6,189.14
47.8,189.02
48.0,188.91
48.2,188.79
48.4,188.67
48.6,188.55
48.8,188.57
49.0,192.19
49.2,197.39
49.4,202.58
49.6,207.77
49.8,210.74
50.0,211.89
50.2,213.04
50.4,214.19
50.6,215.27
50.8,213.68
51.0,210.74
51.2,207.80
51.4,204.85
51.6,201.91
51.8,198.96
52.0,196.02
52.2,193.08
52.4,190.88
52.6,191.85
52.8,193.18
53.0,194.51
53.2,195.84
53.4,197.17
53.6,198.50
53.8,199.83
54.0,201.16
54.2,202.49
54.4,203.82
54.6,205.15
54.8,206.48
55.0,207.81
55.2,209.14
55.4,210.47
55.6,211.80
55.8,213.13
56.0,214.46
56.2,215.79
56.4,217.12
56.6,218.46
56.8,219.79
57.0,221.11
57.2,219.47
57.4,215.50
57.6,211.61
57.8,209.99
58.0,209.40
58.2,208.82
58.4,208.24
58.6,207.66
58.8,207.08
59.0,206.50
59.2,205.92
59.4,205.34
59.6,204.76
59.8,204.18
60.0,203.60
60.2,203.02
60.4,202.44
60.6,201.86
60.8,201.28
61.0,200.70
61.2,200.12
61.4,199.53
61.6,198.95
61.8,198.37
62.0,197.79
62.2,197.21
62.4,196.63
62.6,196.05
62.8,195.47
63.0,195.04
63.2,194.66
63.4,194.29
63.6,193.91
63.8,193.54
64.0,193.16
64.2,192.79
64.4,192.41
64.6,192.04
64.8,191.66
65.0,191.63
65.2,192.31
65.4,193.01
65.6,193.71
65.8,194.41
66.0,195.30
66.2,196.55
66.4,197.82
66.6,199.09
66.8,200.36
67.0,201.63
67.2,202.90
67.4,204.16
67.6,205.43
67.8,206.70
68.0,207.97
68.2,209.24
68.4,210.51
68.6,211.77
68.8,213.04
69.0,214.31
69.2,215.58
69.4,216.85
69.6,218.11
69.8,219.38
70.0,220.65
70.2,221.92
70.4,223.19
70.6,224.46
70.8,225.72
71.0,226.96
71.2,227.43
71.4,227.59
71.6,227.76
71.8,227.92
72.0,228.09
72.2,228.25
72.4,228.42
72.6,228.58
72.8,228.75
73.0,228.91
73.2,229.03
73.4,228.57
73.6,227.96
73.8,227.35
74.0,226.74
74.2,226.12
74.4,225.51
74.6,224.90
74.8,224.29
75.0,223.68
75.2,223.07
75.4,222.45
75.6,221.84
75.8,221.23
76.0,220.62
76.2,220.01
76.4,219.40
76.6,218.78
76.8,218.17
77.0,217.56
77.2,217.37
77.4,218.21
77.6,219.10
77.8,220.00
78.0,220.89
78.2,221.76
78.4,222.52
78.6,223.28
78.8,224.04
79.0,224.79
79.2,225.55
79.4,226.31
79.6,227.06
79.8,227.82
80.0,228.58
80.2,229.33
80.4,230.09
80.6,230.88
80.8,231.95
81.0,233.08
81.2,234.21
81.4,235.35
81.6,236.48
81.8,237.61
82.0,238.74
82.2,239.87
82.4,240.82
82.6,240.16
82.8,239.13
83.0,238.11
83.2,237.08
83.4,235.56
83.6,233.12
83.8,230.66
84.0,228.18
84.2,225.47
84.4,222.72
84.6,219.97
84.8,217.22
85.0,214.73
85.2,214.63
85.4,215.12
85.6,215.60
85.8,216.08
86.0,216.56
86.2,216.78
86.4,215.87
86.6,214.83
86.8,213.79
87.0,212.76
87.2,211.72
87.4,210.68
87.6,209.64
87.8,208.61
88.0,208.56
88.2,209.88
88.4,211.21
88.6,212.53
88.8,213.86
89.0,215.19
89.2,216.52
89.4,217.84
89.6,219.17
89.8,220.50
90.0,221.83
90.2,223.16
90.4,224.38
90.6,225.32
90.8,226.24
91.0,227.15
91.2,228.05
91.4,228.48
91.6,228.72
91.8,228.96
92.0,229.20
92.2,229.43
92.4,229.67
92.6,229.91
92.8,230.15
93.0,230.39
93.2,230.62
93.4,230.86
93.6,231.10
93.8,231.34
94.0,231.58
94.2,231.82
94.4,231.93
94.6,231.72
94.8,231.50
95.0,231.27
95.2,231.04
95.4,230.82
95.6,230.59
95.8,230.37
96.0,230.14
96.2,229.92
96.4,229.69
96.6,229.46
96.8,229.24
97.0,229.01
97.2,228.79
97.4,228.56
97.6,228.34
97.8,228.11
98.0,227.89
98.2,227.66
98.4,227.43
98.6,227.21
98.8,226.98
99.0,226.76
99.2,226.53
99.4,226.31
99.6,226.08
99.8,225.90
100.0,226.56
100.2,227.58
100.4,228.59
100.6,229.60
100.8,230.63
101.0,231.89
101.2,233.23
101.4,234.57
101.6,235.90
101.8,236.57
102.0,235.61
102.2,234.59
102.4,233.56
102.6,232.54
102.8,231.51
103.0,230.48
103.2,229.46
103.4,228.47
103.6,229.06
103.8,230.48
104.0,231.90
104.2,233.32
104.4,234.74
104.6,236.16
104.8,236.25
105.0,234.90
105.2,233.54
105.4,232.19
105.6,230.95
105.8,231.24
106.0,232.02
106.2,232.81
106.4,233.59
106.6,234.37
106.8,235.15
107.0,235.94
107.2,236.72
107.4,237.50
107.6,238.61
107.8,241.05
108.0,243.63
108.2,245.69
108.4,246.44
108.6,247.12
108.8,247.79
109.0,248.47
109.2,249.15
109.4,249.83
109.6,250.51
109.8,251.17
110.0,251.73
110.2,252.26
110.4,252.79
110.6,253.33
110.8,253.86
111.0,254.40
111.2,254.93
111.4,255.47
111.6,256.00
111.8,256.55
112.0,257.65
112.2,259.02
112.4,260.39
112.6,261.76
112.8,263.13
113.0,264.50
113.2,265.83
113.4,265.49
113.6,264.32
113.8,263.14
114.0,261.97
114.2,264.09
114.4,269.29
114.6,273.78
114.8,274.00
115.0,273.50
115.2,272.56
115.4,271.02
115.6,269.47
115.8,267.92
116.0,266.38
116.2,264.83
116.4,263.28
116.6,262.90
116.8,263.72
117.0,264.54
117.2,265.35
117.4,266.17
117.6,266.99
117.8,267.95
118.0,269.30
118.2,270.65
118.4,272.01
118.6,273.31
118.8,273.43
119.0,273.08
119.2,272.73
119.4,272.38
119.6,272.01
119.8,270.69
120.0,268.80
120.2,266.92
120.4,266.04
120.6,269.46
120.8,273.36
121.0,276.86
121.2,276.84
121.4,276.01
121.6,275.18
121.8,274.35
122.0,273.52
122.2,272.70
122.4,272.48
122.6,273.62
122.8,274.80
123.0,275.96
123.2,275.52
123.4,274.18
123.6,272.83
123.8,271.48
124.0,270.13
124.2,268.22
124.4,266.52
124.6,266.41
124.8,267.72
125.0,275.90
125.2,275.52
125.4,275.99
125.6,276.48
125.8,275.74
126.0,274.99
126.2,274.25
126.4,272.19
126.6,267.32
126.8,263.88
127.0,262.55
127.2,264.43
127.4,269.55
127.6,274.35
127.8,275.49
128.0,275.26
128.2,274.53
128.4,283.27
128.6,286.50
128.8,283.54
129.0,273.75
129.2,264.23
129.4,262.29
129.6,259.00
129.8,258.36
130.0,256.68
130.2,254.92
130.4,253.16
130.6,251.40
130.8,249.65
131.0,247.89
131.2,246.13
131.4,242.32
131.6,234.30
131.8,228.46
132.0,226.98
132.2,225.56
132.4,224.15
132.6,223.57
132.8,223.71
133.0,223.61
133.2,217.45
133.4,211.79
133.6,210.18
133.8,209.69
134.0,209.20
134.2,206.43
134.4,203.83
134.6,204.07
134.8,204.31
135.0,203.18
135.2,198.74
135.4,198.00
135.6,198.31
135.8,200.59
136.0,201.08
136.2,201.87
136.4,199.29
136.6,198.35
136.8,199.55
137.0,197.42
137.2,195.29
137.4,194.02
137.6,193.54
137.8,193.78
138.0,193.48
138.2,190.62
138.4,190.62
138.6,191.00
138.8,191.39
139.0,191.77
139.2,192.17
139.4,193.84
139.6,196.07
139.8,196.37
140.0,196.23
140.2,196.09
140.4,195.95
140.6,195.81
140.8,195.67
141.0,196.01
141.2,195.09
141.4,194.00
141.6,192.90
141.8,191.81
142.0,190.75
142.2,190.68
142.4,191.07
142.6,191.47
142.8,191.86
143.0,192.25
143.2,192.65
143.4,193.04
143.6,193.43
143.8,193.83
144.0,194.22
144.2,194.61
144.4,195.01
144.6,195.40
144.8,195.79
145.0,196.19
145.2,196.58
145.4,196.96
145.6,197.32
145.8,197.67
146.0,198.02
146.2,198.37
146.4,198.73
146.6,199.08
146.8,199.43
147.0,199.78
147.2,200.13
147.4,200.48
147.6,200.84
147.8,201.19
148.0,201.54
148.2,201.89
148.4,202.24
148.6,202.60
148.8,202.79
149.0,201.07
149.2,198.78
149.4,196.50
149.6,194.21
149.8,191.60
150.0,189.55
150.2,191.07
150.4,192.63
150.6,194.19
150.8,195.75
151.0,197.31
151.2,198.87
151.4,200.25
151.6,199.93
151.8,199.17
152.0,198.41
152.2,197.65
152.4,196.89
152.6,196.13
152.8,195.37
153.0,194.62
153.2,193.86
153.4,193.10
153.6,192.34
153.8,191.58
154.0,190.82
154.2,190.06
154.4,189.30
154.6,188.54
154.8,187.78
155.0,187.01
155.2,186.25
155.4,185.72
155.6,186.48
155.8,187.43
156.0,188.34
156.2,189.24
156.4,190.13
156.6,191.03
156.8,191.92
157.0,192.82
157.2,193.72
157.4,194.61
157.6,195.51
157.8,196.40
158.0,197.30
158.2,198.20
158.4,199.09
158.6,199.99
158.8,200.88
159.0,201.78
159.2,202.68
159.4,203.57
159.6,203.29
159.8,199.43
160.0,196.42
160.2,195.77
160.4,195.21
160.6,194.65
160.8,194.08
161.0,193.52
161.2,192.95
161.4,192.39
161.6,191.82
161.8,191.27
162.0,190.72
162.2,190.16
162.4,189.36
162.6,188.51
162.8,187.65
163.0,186.80
163.2,185.94
163.4,185.08
163.6,184.22
163.8,185.57
164.0,189.02
164.2,192.47
164.4,195.77
164.6,196.67
164.8,196.76
165.0,196.85
165.2,196.93
165.4,197.02
165.6,197.11
165.8,197.20
166.0,197.28
166.2,197.37
166.4,197.46
166.6,197.54
166.8,197.63
167.0,197.72
167.2,197.79
167.4,197.79
167.6,197.78
167.8,197.77
168.0,197.76
168.2,197.76
168.4,197.75
168.6,197.74
168.8,197.73
169.0,197.72
169.2,197.71
169.4,197.70
169.6,197.60
169.8,197.42
170.0,197.24
170.2,197.05
170.4,196.87
170.6,196.69
170.8,196.50
171.0,196.32
171.2,196.14
171.4,195.71
171.6,194.69
171.8,193.64
172.0,192.58
172.2,191.53
172.4,190.52
172.6,190.09
172.8,189.83
173.0,189.57
173.2,189.59
173.4,190.30
173.6,192.00
173.8,193.84
174.0,195.68
174.2,197.52
174.4,199.36
174.6,201.21
174.8,203.05
175.0,204.89
175.2,206.73
175.4,207.98
175.6,208.58
175.8,209.18
176.0,209.78
176.2,210.38
176.4,210.98
176.6,211.58
176.8,212.18
177.0,212.78
177.2,213.47
177.4,214.33
177.6,215.19
177.8,216.06
178.0,216.93
178.2,216.87
178.4,213.08
178.6,208.90
178.8,204.72
179.0,200.54
179.2,198.26
179.4,198.58
179.6,198.91
179.8,199.25
180.0,199.59
180.2,199.95
180.4,200.32
180.6,200.70
180.8,201.07
181.0,201.44
181.2,201.82
181.4,202.19
181.6,202.57
181.8,202.94
182.0,203.32
182.2,203.82
182.4,204.38
182.6,204.93
182.8,205.49
183.0,206.04
183.2,206.59
183.4,207.15
183.6,207.70
183.8,208.25
184.0,208.80
184.2,209.36
184.4,209.91
184.6,210.47
184.8,211.88
185.0,213.93
185.2,215.97
185.4,218.02
185.6,220.07
185.8,222.12
186.0,224.16
186.2,226.21
186.4,228.26
186.6,230.30
186.8,231.31
187.0,231.32
187.2,231.33
187.4,231.34
187.6,231.35
187.8,231.36
188.0,231.38
188.2,231.39
188.4,231.22
188.6,228.56
188.8,225.09
189.0,221.64
189.2,220.08
189.4,219.72
189.6,219.35
189.8,218.99
190.0,218.63
190.2,218.27
190.4,218.19
190.6,218.82
190.8,219.49
191.0,220.15
191.2,220.82
191.4,221.48
191.6,222.15
191.8,222.81
192.0,223.48
192.2,224.14
192.4,224.81
192.6,225.47
192.8,226.13
193.0,225.47
193.2,223.19
193.4,220.93
193.6,220.50
193.8,221.33
194.0,222.16
194.2,223.00
194.4,223.83
194.6,224.66
194.8,225.50
195.0,226.65
195.2,230.54
195.4,235.05
195.6,239.53
195.8,241.55
196.0,242.10
196.2,242.67
196.4,243.26
196.6,243.85
196.8,244.45
197.0,245.04
197.2,245.63
197.4,246.23
197.6,246.82
197.8,247.42
198.0,248.01
198.2,248.61
198.4,249.20
198.6,249.80
198.8,250.39
199.0,250.35
199.2,248.05
199.4,245.56
199.6,243.07
199.8,240.57
200.0,239.68
200.2,241.02
200.4,242.39
200.6,243.76
200.8,245.12
201.0,246.49
201.2,247.41
201.4,246.99
201.6,246.48
201.8,245.97
202.0,245.46
202.2,244.95
202.4,243.97
202.6,239.33
202.8,233.95
203.0,231.99
203.2,232.12
203.4,231.62
203.6,230.24
203.8,228.89
204.0,228.02
204.2,227.30
204.4,226.60
204.6,227.17
204.8,228.62
205.0,229.80
205.2,230.69
205.4,231.90
205.6,234.11
205.8,236.38
206.0,237.77
206.2,236.56
206.4,234.43
206.6,232.27
206.8,231.01
207.0,236.44
207.2,240.79
207.4,241.62
207.6,242.46
207.8,243.38
208.0,244.28
208.2,244.15
208.4,244.78
208.6,245.98
208.8,247.63
209.0,251.12
209.2,249.61
209.4,247.19
209.6,243.67
209.8,241.08
210.0,249.23
210.2,255.88
210.4,252.17
210.6,247.92
210.8,244.22
211.0,244.80
211.2,246.29
211.4,247.78
211.6,249.27
211.8,250.68
212.0,249.58
212.2,247.29
212.4,245.01
212.6,242.72
212.8,241.24
213.0,240.84
213.2,240.46
213.4,241.42
213.6,243.31
213.8,245.49
214.0,247.60
214.2,249.41
214.4,251.13
214.6,251.45
214.8,250.86
215.0,249.07
215.2,247.09
215.4,245.29
215.6,244.22
215.8,243.23
216.0,242.24
216.2,241.25
216.4,239.82
216.6,237.24
216.8,234.61
217.0,231.98
217.2,229.35
217.4,226.73
217.6,224.10
217.8,221.47
218.0,218.84
218.2,216.21
218.4,214.35
218.6,214.73
218.8,215.26
219.0,215.79
219.2,215.29
219.4,213.38
219.6,211.47
219.8,209.56
220.0,207.71
220.2,207.46
220.4,207.95
220.6,208.45
220.8,208.63
221.0,208.15
221.2,207.66
221.4,207.16
221.6,206.67
221.8,206.17
222.0,205.69
222.2,205.43
222.4,205.22
222.6,205.01
222.8,204.81
223.0,204.60
223.2,204.40
223.4,204.19
223.6,203.99
223.8,203.78
224.0,203.58
224.2,203.42
224.4,205.79
224.6,209.58
224.8,213.38
225.0,217.26
225.2,221.27
225.4,225.28
225.6,229.29
225.8,233.31
226.0,235.38
226.2,235.14
226.4,234.89
226.6,234.64
226.8,234.10
227.0,233.13
227.2,231.12
227.4,228.82
227.6,226.52
227.8,224.85
228.0,225.57
228.2,226.53
228.4,227.49
228.6,228.45
228.8,229.41
229.0,230.37
229.2,231.33
229.4,232.24
229.6,232.67
229.8,232.97
230.0,233.27
230.2,233.57
230.4,234.03
230.6,236.03
230.8,238.42
231.0,240.78
231.2,241.73
231.4,241.92
231.6,242.11
231.8,242.30
232.0,242.50
232.2,242.69
232.4,242.88
232.6,243.07
232.8,243.26
233.0,243.46
233.2,243.65
233.4,243.84
233.6,244.03
233.8,244.22
234.0,244.42
234.2,244.61
234.4,244.80
234.6,244.99
234.8,245.35
235.0,247.11
235.2,249.19
235.4,251.24
235.6,250.07
235.8,246.69
236.0,243.32
236.2,242.25
236.4,244.17
236.6,246.10
236.8,246.84
237.0,245.36
237.2,243.82
237.4,242.36
237.6,240.97
237.8,239.62
238.0,240.34
238.2,242.23
238.4,244.11
238.6,245.54
238.8,245.71
239.0,245.85
239.2,246.45
239.4,247.14
239.6,248.74
239.8,250.92
240.0,252.94
240.2,254.41
240.4,255.83
240.6,257.25
240.8,258.67
241.0,260.16
241.2,261.82
241.4,264.22
241.6,268.98
241.8,273.90
242.0,278.38
242.2,279.68
242.4,278.83
242.6,274.41
242.8,269.86
243.0,265.29
243.2,259.58
243.4,253.54
243.6,251.34
243.8,250.11
244.0,246.02
244.2,240.65
244.4,236.13
244.6,233.62
244.8,231.16
245.0,227.80
245.2,223.99
245.4,220.32
245.6,219.07
245.8,218.65
246.0,218.23
246.2,217.81
246.4,217.39
246.6,216.97
246.8,216.55
247.0,216.13
247.2,215.71
247.4,215.29
247.6,214.87
247.8,214.00
248.0,212.81
248.2,211.63
248.4,210.45
248.6,209.26
248.8,208.08
249.0,206.90
249.2,205.72
249.4,204.53
249.6,203.35
249.8,202.17
250.0,200.98
250.2,201.32
250.4,204.40
250.6,207.54
250.8,210.68
251.0,212.98
251.2,209.70
251.4,205.39
251.6,201.08
251.8,196.85
252.0,195.60
252.2,195.90
252.4,196.20
252.6,196.49
252.8,196.60
253.0,196.32
253.2,196.03
253.4,195.74
253.6,195.49
253.8,195.72
254.0,196.10
254.2,196.49
254.4,196.88
254.6,197.26
254.8,197.65
255.0,198.04
255.2,198.42
255.4,198.81
255.6,199.36
255.8,200.08
256.0,200.80
256.2,201.51
256.4,202.14
256.6,202.67
256.8,203.20
257.0,203.73
257.2,203.99
257.4,203.98
257.6,203.97
257.8,203.96
258.0,203.94
258.2,203.93
258.4,203.92
258.6,203.92
258.8,204.37
259.0,205.04
259.2,205.71
259.4,206.39
259.6,207.06
259.8,207.74
260.0,208.41
260.2,209.09
260.4,209.20
260.6,207.89
260.8,206.50
261.0,205.93
261.2,206.47
261.4,207.02
261.6,207.56
261.8,208.10
262.0,208.65
262.2,209.63
262.4,210.99
262.6,212.35
262.8,213.71
263.0,215.20
263.2,216.91
263.4,218.62
263.6,220.33
263.8,222.04
264.0,223.75
264.2,225.46
264.4,227.17
264.6,225.85
264.8,220.92
265.0,216.00
265.2,211.07
265.4,206.14
265.6,201.44
265.8,202.47
266.0,205.98
266.2,209.49
266.4,210.11
266.6,206.06
266.8,201.93
267.0,197.81
267.2,193.69
267.4,189.73
267.6,188.38
267.8,187.97
268.0,187.57
268.2,187.49
268.4,188.77
268.6,190.21
268.8,191.65
269.0,193.09
269.2,194.38
269.4,195.26
269.6,196.12
269.8,196.98
270.0,197.85
270.2,198.43
270.4,196.37
270.6,193.64
270.8,190.92
271.0,188.19
271.2,185.55
271.4,185.48
271.6,186.56
271.8,187.64
272.0,188.72
272.2,189.80
272.4,190.71
272.6,191.41
272.8,192.11
273.0,192.81
273.2,193.51
273.4,193.92
273.6,193.96
273.8,194.00
274.0,194.04
274.2,194.08
274.4,194.44
274.6,195.27
274.8,196.10
275.0,196.94
275.2,197.77
275.4,198.07
275.6,197.07
275.8,196.00
276.0,194.94
276.2,193.87
276.4,193.87
276.6,195.58
276.8,197.32
277.0,199.06
277.2,200.80
277.4,202.23
277.6,202.76
277.8,203.22
278.0,203.68
278.2,204.15
278.4,204.86
278.6,206.17
278.8,207.51
279.0,208.85
279.2,210.20
279.4,211.36
279.6,212.27
279.8,213.18
280.0,214.08
280.2,214.99
280.4,216.04
280.6,217.17
280.8,218.30
281.0,219.43
281.2,220.55
281.4,221.68
281.6,222.81
281.8,223.84
282.0,224.61
282.2,225.36
282.4,226.11
282.6,226.86
282.8,227.61
283.0,228.36
283.2,229.11
283.4,229.86
283.6,230.61
283.8,231.16
284.0,230.85
284.2,230.44
284.4,230.03
284.6,229.61
284.8,229.20
285.0,228.79
285.2,228.37
285.4,227.96
285.6,227.53
285.8,227.10
286.0,226.67
286.2,226.81
286.4,227.90
286.6,229.00
286.8,230.10
287.0,231.12
287.2,231.07
287.4,230.68
287.6,230.46
287.8,230.63
288.0,230.80
288.2,230.99
288.4,231.34
288.6,231.75
288.8,232.15
289.0,232.56
289.2,232.96
289.4,233.37
289.6,233.78
289.8,234.18
290.0,234.59
290.2,233.53
290.4,228.69
290.6,223.66
290.8,220.08
291.0,219.00
291.2,217.97
291.4,216.76
291.6,214.97
291.8,213.14
292.0,211.31
292.2,209.48
292.4,207.80
292.6,207.12
292.8,206.63
293.0,206.16
293.2,206.14
293.4,206.33
293.6,206.53
293.8,206.96
294.0,208.38
294.2,209.90
294.4,211.42
294.6,212.62
294.8,212.77
295.0,212.83
295.2,212.89
295.4,212.94
295.6,213.00
295.8,213.06
296.0,213.24
296.2,213.64
296.4,214.04
296.6,214.45
296.8,214.85
297.0,215.25
297.2,215.65
297.4,216.05
297.6,216.46
297.8,216.86
298.0,217.81
298.2,219.58
298.4,221.37
298.6,223.15
298.8,224.84
299.0,226.34
299.2,227.84
299.4,229.35
299.6,230.82
299.8,232.07
300.0,233.27
300.2,234.47
300.4,235.66
300.6,236.50
300.8,237.12
301.0,237.75
301.2,238.37
301.4,238.84
301.6,238.32
301.8,237.64
302.0,236.96
302.2,236.28
302.4,236.53
302.6,237.42
302.8,238.31
303.0,239.20
303.2,240.03
303.4,240.29
303.6,240.39
303.8,240.49
304.0,240.59
304.2,240.84
304.4,243.09
304.6,245.93
304.8,248.77
305.0,249.99
305.2,249.56
305.4,249.14
305.6,248.71
305.8,247.98
306.0,247.13
306.2,246.28
306.4,245.43
306.6,243.65
306.8,239.74
307.0,235.73
307.2,231.72
307.4,227.71
307.6,225.97
307.8,226.29
308.0,226.61
308.2,226.93
308.4,227.25
308.6,227.57
308.8,227.64
309.0,227.16
309.2,226.67
309.4,226.53
309.6,228.10
309.8,229.89
310.0,231.69
310.2,233.33
310.4,234.46
310.6,235.55
310.8,236.64
311.0,237.65
311.2,238.06
311.4,238.34
311.6,238.62
311.8,238.91
312.0,239.47
312.2,240.19
312.4,240.91
312.6,241.64
312.8,243.53
313.0,246.16
313.2,248.79
313.4,251.31
313.6,252.90
313.8,254.30
314.0,255.69
314.2,256.70
314.4,256.84
314.6,256.95
314.8,257.02
315.0,255.16
315.2,252.24
315.4,249.32
315.6,248.67
315.8,256.16
316.0,264.37
316.2,270.82
316.4,266.58
316.6,260.55
316.8,254.52
317.0,250.81
317.2,249.28
317.4,247.75
317.6,246.22
317.8,244.24
318.0,241.39
318.2,238.53
318.4,235.67
318.6,234.74
318.8,239.27
319.0,244.13
319.2,248.99
319.4,253.82
319.6,254.90
319.8,253.40
320.0,251.89
320.2,250.38
320.4,249.51
320.6,250.37
320.8,251.34
321.0,252.30
321.2,253.27
321.4,254.23
321.6,255.20
321.8,256.16
322.0,257.12
322.2,257.99
322.4,258.84
322.6,259.69
322.8,260.35
323.0,260.37
323.2,260.34
323.4,260.32
323.6,260.32
323.8,260.37
324.0,260.43
324.2,260.49
324.4,261.49
324.6,263.14
324.8,264.79
325.0,265.97
325.2,265.53
325.4,264.94
325.6,264.35
325.8,264.29
326.0,264.98
326.2,265.68
326.4,266.59
326.6,267.81
326.8,269.04
327.0,270.14
327.2,270.76
327.4,271.35
327.6,271.99
327.8,272.96
328.0,273.98
328.2,274.79
328.4,273.66
328.6,272.05
328.8,270.44
329.0,268.83
329.2,267.21
329.4,265.63
329.6,266.14
329.8,267.97
330.0,269.80
330.2,271.47
330.4,272.02
330.6,272.36
330.8,272.64
331.0,272.79
331.2,272.93
331.4,273.24
331.6,276.08
331.8,279.75
332.0,283.50
332.2,287.42
332.4,288.74
332.6,291.48
332.8,295.94
333.0,294.94
333.2,286.10
333.4,279.35
333.6,281.42
333.8,284.43
334.0,283.67
334.2,279.80
334.4,276.29
334.6,272.96
334.8,269.01
335.0,263.58
335.2,258.08
335.4,253.22
335.6,248.85
335.8,244.47
336.0,241.68
336.2,241.10
336.4,240.52
336.6,239.96
336.8,238.98
337.0,237.37
337.2,235.75
337.4,234.62
337.6,235.94
337.8,237.61
338.0,239.28
338.2,240.94
338.4,242.61
338.6,244.28
338.8,245.95
339.0,247.62
339.2,249.28
339.4,245.74
339.6,237.21
339.8,228.68
340.0,220.15
340.2,211.62
340.4,203.31
340.6,201.18
340.8,201.85
341.0,202.52
341.2,203.19
341.4,203.86
341.6,204.52
341.8,205.11
342.0,205.15
342.2,205.09
342.4,205.04
342.6,204.98
342.8,204.93
343.0,204.88
343.2,204.83
343.4,205.52
343.6,206.74
343.8,207.96
344.0,209.18
344.2,210.40
344.4,211.62
344.6,212.74
344.8,213.84
345.0,214.93
345.2,216.03
345.4,217.12
345.6,218.22
345.8,219.32
346.0,220.23
346.2,220.38
346.4,220.45
346.6,220.51
346.8,220.58
347.0,220.65
347.2,220.72
347.4,220.79
347.6,220.86
347.8,220.93
348.0,221.00
348.2,221.07
348.4,220.74
348.6,220.04
348.8,219.33
349.0,218.63
349.2,217.92
349.4,217.22
349.6,216.51
349.8,215.59
350.0,214.49
350.2,213.39
350.4,212.29
350.6,211.19
350.8,210.09
351.0,209.40
351.2,209.36
351.4,209.33
351.6,209.30
351.8,209.27
352.0,209.24
352.2,209.20
352.4,208.53
352.6,207.46
352.8,206.39
353.0,205.32
353.2,204.25
353.4,203.18
353.6,202.11
353.8,201.04
354.0,199.97
354.2,198.90
354.4,197.83
354.6,196.76
354.8,195.69
355.0,194.62
355.2,193.55
355.4,192.58
355.6,191.71
355.8,190.85
356.0,189.98
356.2,189.12
356.4,188.26
356.6,187.39
356.8,186.52
357.0,186.08
357.2,186.05
357.4,186.02
357.6,185.98
357.8,185.95
358.0,185.92
358.2,185.88
358.4,185.85
358.6,185.82
358.8,186.41
359.0,187.78
359.2,189.15
359.4,190.52
359.6,191.89
359.8,193.27
360.0,194.64
360.2,196.01
360.4,197.38
360.6,198.75
360.8,200.13
361.0,201.25
361.2,201.71
361.4,202.13
361.6,202.55
361.8,202.97
362.0,203.39
362.2,203.81
362.4,204.23
362.6,204.65
362.8,205.07
363.0,205.49
363.2,205.91
363.4,206.21
363.6,205.97
363.8,205.66
364.0,205.35
364.2,205.04
364.4,204.73
364.6,204.42
364.8,204.12
365.0,203.81
365.2,203.50
365.4,203.19
365.6,202.88
365.8,202.57
366.0,202.26
366.2,201.96
366.4,201.70
366.6,201.45
366.8,201.20
367.0,200.96
367.2,200.71
367.4,200.46
367.6,200.21
367.8,200.02
368.0,201.24
368.2,203.10
368.4,204.97
368.6,206.83
368.8,208.69
369.0,210.55
369.2,212.41
369.4,214.25
369.6,215.63
369.8,216.83
370.0,218.04
370.2,219.24
370.4,220.44
370.6,221.65
370.8,222.85
371.0,224.06
371.2,224.95
371.4,225.60
371.6,226.24
371.8,226.88
372.0,227.52
372.2,228.17
372.4,228.81
372.6,229.42
372.8,229.50
373.0,229.37
373.2,229.23
373.4,229.10
373.6,228.97
373.8,228.84
374.0,228.70
374.2,228.57
374.4,228.44
374.6,228.30
374.8,228.17
375.0,228.04
375.2,227.91
375.4,227.77
375.6,227.64
375.8,227.51
376.0,227.38
376.2,227.24
376.4,227.11
376.6,227.38
376.8,228.98
377.0,230.68
377.2,232.38
377.4,234.08
377.6,235.78
377.8,237.49
378.0,239.19
378.2,239.94
378.4,239.83
378.6,239.72
378.8,239.60
379.0,239.49
379.2,239.38
379.4,239.27
379.6,239.15
379.8,239.66
380.0,240.73
380.2,241.80
380.4,242.88
380.6,243.95
380.8,245.02
381.0,246.09
381.2,246.74
381.4,246.63
381.6,246.50
381.8,246.37
382.0,246.24
382.2,246.11
382.4,245.98
382.6,245.86
382.8,246.66
383.0,247.98
383.2,249.30
383.4,250.62
383.6,251.94
383.8,253.26
384.0,254.58
384.2,255.90
384.4,257.22
384.6,258.60
384.8,260.10
385.0,261.61
385.2,263.11
385.4,264.23
385.6,263.14
385.8,261.69
386.0,260.24
386.2,259.11
386.4,258.67
386.6,258.25
386.8,257.83
387.0,257.41
387.2,257.00
387.4,256.58
387.6,256.16
387.8,255.74
388.0,255.33
388.2,254.82
388.4,254.28
388.6,253.74
388.8,253.20
389.0,252.66
389.2,252.12
389.4,251.58
389.6,251.04
389.8,250.49
390.0,250.61
390.2,252.21
390.4,253.87
390.6,255.53
390.8,257.20
391.0,258.86
391.2,260.52
391.4,262.18
391.6,263.84
391.8,265.50
392.0,266.81
392.2,267.79
392.4,268.77
392.6,269.75
392.8,270.73
393.0,271.71
393.2,272.69
393.4,273.67
393.6,274.55
393.8,274.94
394.0,275.27
394.2,275.60
394.4,275.93
394.6,276.25
394.8,276.58
395.0,276.91
395.2,277.15
395.4,277.27
395.6,277.39
395.8,277.51
396.0,277.62
396.2,277.74
396.4,277.86
396.6,278.06
396.8,279.40
397.0,281.11
397.2,282.82
397.4,284.53
397.6,286.24
397.8,287.95
398.0,288.64
398.2,288.06
398.4,287.48
398.6,286.90
398.8,286.32
399.0,285.73
399.2,285.15
399.4,284.57
399.6,283.99
399.8,283.41
400.0,282.83
400.2,282.24
400.4,281.66
400.6,281.08
400.8,280.50
401.0,279.92
401.2,283.14
401.4,283.12
401.6,283.11
401.8,283.09
402.0,282.82
402.2,281.06
402.4,279.04
402.6,277.02
402.8,275.76
403.0,275.85
403.2,275.96
403.4,276.07
403.6,276.18
403.8,276.29
404.0,276.40
404.2,276.68
404.4,277.67
404.6,278.75
404.8,279.82
405.0,280.44
405.2,280.33
405.4,280.20
405.6,280.08
405.8,279.95
406.0,279.83
406.2,279.70
406.4,279.97
406.6,281.52
406.8,283.18
407.0,284.83
407.2,285.52
407.4,285.38
407.6,285.23
407.8,285.08
408.0,284.94
408.2,284.79
408.4,284.65
408.6,284.21
408.8,282.00
409.0,279.49
409.2,276.99
409.4,275.24
409.6,276.78
409.8,278.70
410.0,280.62
410.2,282.35
410.4,282.80
410.6,283.01
410.8,283.22
411.0,283.41
411.2,282.92
411.4,282.01
411.6,281.10
411.8,280.19
412.0,279.28
412.2,278.37
412.4,277.46
412.6,276.55
412.8,275.64
413.0,274.46
413.2,272.49
413.4,270.46
413.6,268.43
413.8,266.40
414.0,265.34
414.2,266.56
414.4,267.88
414.6,269.20
414.8,270.52
415.0,271.83
415.2,273.10
415.4,274.36
415.6,275.63
415.8,276.31
416.0,275.21
416.2,271.95
416.4,270.81
416.6,269.99
416.8,269.17
417.0,269.52
417.2,272.83
417.4,272.74
417.6,272.14
417.8,273.97
418.0,276.94
418.2,275.16
418.4,274.30
418.6,273.97
418.8,273.65
419.0,273.38
419.2,273.56
419.4,273.04
419.6,272.14
419.8,271.16
420.0,269.72
420.2,270.77
420.4,273.40
420.6,272.64
420.8,271.72
421.0,270.80
421.2,269.88
421.4,268.97
421.6,268.16
421.8,267.43
422.0,266.76
422.2,270.22
422.4,274.34
422.6,271.59
422.8,270.67
423.0,270.74
423.2,270.80
423.4,270.87
423.6,269.64
423.8,267.91
424.0,267.99
424.2,268.19
424.4,269.72
424.6,272.89
424.8,271.39
425.0,270.48
425.2,269.95
425.4,267.74
425.6,262.59
425.8,256.70
426.0,255.18
426.2,254.11
426.4,253.07
426.6,252.32
426.8,253.22
427.0,253.11
427.2,249.72
427.4,245.90
427.6,242.06
427.8,238.84
428.0,235.68
428.2,232.51
428.4,229.34
428.6,226.17
428.8,223.01
429.0,220.37
429.2,221.40
429.4,223.10
429.6,224.81
429.8,226.49
430.0,225.53
430.2,222.89
430.4,220.25
430.6,217.61
430.8,214.97
431.0,212.35
431.2,210.11
431.4,208.16
431.6,207.91
431.8,208.30
432.0,208.68
432.2,209.07
432.4,209.46
432.6,209.74
432.8,209.40
433.0,208.97
433.2,208.54
433.4,208.10
433.6,207.66
433.8,206.71
434.0,205.43
434.2,204.16
434.4,202.89
434.6,201.62
434.8,200.52
435.0,200.56
435.2,200.80
435.4,201.04
435.6,201.28
435.8,201.52
436.0,201.72
436.2,201.68
436.4,201.61
436.6,201.54
436.8,201.47
437.0,201.40
437.2,201.38
437.4,201.49
437.6,201.61
437.8,201.73
438.0,201.84
438.2,201.96
438.4,201.92
438.6,201.46
438.8,200.97
439.0,200.49
439.2,200.00
439.4,199.51
439.6,199.19
439.8,199.39
440.0,199.62
440.2,199.86
440.4,200.10
440.6,200.34
440.8,200.57
441.0,200.81
441.2,201.06
441.4,201.43
441.6,201.84
441.8,202.24
442.0,202.64
442.2,203.04
442.4,203.49
442.6,204.23
442.8,205.02
443.0,205.82
443.2,206.62
443.4,207.42
443.6,207.75
443.8,206.67
444.0,205.50
444.2,204.32
444.4,203.14
444.6,202.00
444.8,201.62
445.0,201.54
445.2,201.47
445.4,201.40
445.6,201.33
445.8,201.30
446.0,201.79
446.2,202.43
446.4,203.06
446.6,203.70
446.8,204.34
447.0,204.77
447.2,204.34
447.4,203.79
447.6,203.25
447.8,202.71
448.0,202.17
448.2,201.59
448.4,200.97
448.6,200.35
448.8,199.73
449.0,199.12
449.2,198.49
449.4,197.71
449.6,196.89
449.8,196.06
450.0,195.23
450.2,194.41
450.4,193.60
450.6,193.25
450.8,193.10
451.0,192.96
451.2,192.82
451.4,192.68
451.6,192.83
451.8,194.50
452.0,196.40
452.2,198.29
452.4,200.27
452.6,202.31
452.8,204.03
453.0,204.02
453.2,203.76
453.4,203.49
453.6,204.18
453.8,206.10
454.0,207.82
454.2,207.44
454.4,206.51
454.6,205.58
454.8,204.65
455.0,203.72
455.2,202.79
455.4,201.78
455.6,200.73
455.8,199.67
456.0,198.61
456.2,197.55
456.4,196.50
456.6,195.50
456.8,194.80
457.0,194.15
457.2,193.49
457.4,192.84
457.6,192.18
457.8,191.53
458.0,190.91
458.2,191.11
458.4,191.65
458.6,192.19
458.8,192.72
459.0,193.26
459.2,193.79
459.4,194.35
459.6,195.10
459.8,195.92
460.0,196.73
460.2,197.54
460.4,198.36
460.6,199.17
460.8,200.03
461.0,201.16
461.2,202.33
461.4,203.49
461.6,204.66
461.8,206.38
462.0,208.53
462.2,209.84
462.4,209.59
462.6,209.31
462.8,209.03
463.0,208.74
463.2,208.46
463.4,208.17
463.6,207.72
463.8,207.19
464.0,206.66
464.2,206.13
464.4,205.60
464.6,205.07
464.8,204.55
465.0,204.28
465.2,204.14
465.4,204.01
465.6,203.87
465.8,203.74
466.0,203.60
466.2,203.47
466.4,203.63
466.6,203.94
466.8,204.25
467.0,204.56
467.2,204.88
467.4,205.19
467.6,205.49
467.8,205.76
468.0,206.03
468.2,206.30
468.4,207.92
468.6,211.61
468.8,215.05
469.0,216.42
469.2,217.38
469.4,218.38
469.6,221.58
469.8,226.05
470.0,229.44
470.2,230.59
470.4,231.67
470.6,233.26
470.8,237.71
471.0,242.43
471.2,243.77
471.4,243.81
471.6,243.86
471.8,244.14
472.0,245.12
472.2,245.14
472.4,244.27
472.6,243.40
472.8,242.53
473.0,241.66
473.2,240.47
473.4,238.94
473.6,237.40
473.8,235.87
474.0,234.34
474.2,233.15
474.4,233.03
474.6,232.98
474.8,232.93
475.0,232.88
475.2,232.89
475.4,233.50
475.6,234.25
475.8,235.00
476.0,235.74
476.2,236.48
476.4,237.07
476.6,237.60
476.8,238.14
477.0,238.68
477.2,238.87
477.4,238.02
477.6,237.10
477.8,235.49
478.0,232.90
478.2,229.95
478.4,226.44
478.6,222.93
478.8,220.44
479.0,219.49
479.2,219.15
479.4,220.13
479.6,221.16
479.8,222.19
480.0,223.22
480.2,223.74
480.4,223.65
480.6,223.56
480.8,223.47
481.0,223.43
481.2,224.07
481.4,224.94
481.6,225.81
481.8,226.68
482.0,227.58
482.2,228.53
482.4,229.49
482.6,230.44
482.8,231.28
483.0,231.40
483.2,231.40
483.4,231.39
483.6,231.38
483.8,231.35
484.0,231.32
484.2,231.29
484.4,231.26
484.6,231.54
484.8,231.98
485.0,232.41
485.2,232.85
485.4,233.00
485.6,232.97
485.8,232.95
486.0,232.90
486.2,232.59
486.4,232.18
486.6,231.77
486.8,231.54
487.0,232.79
487.2,234.37
487.4,235.95
487.6,237.47
487.8,238.83
488.0,240.20
488.2,241.54
488.4,241.68
488.6,241.19
488.8,245.24
489.0,251.72
489.2,251.31
489.4,249.80
489.6,245.90
489.8,242.71
490.0,242.86
490.2,243.05
490.4,243.26
490.6,243.99
490.8,244.90
491.0,245.82
491.2,246.48
491.4,245.89
491.6,245.12
491.8,244.36
492.0,243.53
492.2,242.50
492.4,241.46
492.6,240.42
492.8,239.68
493.0,239.52
493.2,239.37
493.4,239.23
493.6,239.05
493.8,238.85
494.0,238.65
494.2,238.44
494.4,238.35
494.6,238.39
494.8,238.43
495.0,238.46
495.2,238.35
495.4,238.12
495.6,237.89
495.8,237.66
496.0,237.37
496.2,237.07
496.4,236.76
496.6,236.49
496.8,236.46
497.0,236.48
497.2,236.50
497.4,236.29
497.6,235.34
497.8,234.33
498.0,233.32
498.2,232.53
498.4,231.96
498.6,231.39
498.8,230.83
499.0,230.67
499.2,230.71
499.4,230.75
499.6,230.71
499.8,230.15
500.0,229.47
500.2,228.79
500.4,228.43
500.6,229.04
500.8,229.71
501.0,230.38
501.2,230.85
501.4,230.95
501.6,231.05
501.8,231.15
502.0,231.32
502.2,231.54
502.4,231.76
502.6,231.96
502.8,232.04
503.0,232.08
503.2,232.12
503.4,232.27
503.6,232.79
503.8,233.35
504.0,233.91
504.2,234.11
504.4,234.05
504.6,233.99
504.8,234.01
505.0,234.40
505.2,234.82
505.4,235.24
505.6,235.53
505.8,235.66
506.0,235.78
506.2,235.91
506.4,236.31
506.6,236.93
506.8,237.55
507.0,238.08
507.2,237.89
507.4,237.55
507.6,237.21
507.8,237.39
508.0,238.25
508.2,239.12
508.4,239.96
508.6,239.20
508.8,237.39
509.0,235.59
509.2,233.88
509.4,233.97
509.6,234.76
509.8,235.56
510.0,236.24
510.2,236.08
510.4,235.75
510.6,235.43
510.8,235.59
511.0,237.31
511.2,239.15
511.4,240.98
511.6,241.59
511.8,240.59
512.0,239.58
512.2,238.59
512.4,238.41
512.6,238.68
512.8,238.95
513.0,239.26
513.2,239.85
513.4,240.49
513.6,241.13
513.8,241.68
514.0,242.10
514.2,242.51
514.4,242.98
514.6,244.05
514.8,245.28
515.0,246.52
515.2,247.07
515.4,246.76
515.6,246.45
515.8,246.16
516.0,245.93
516.2,245.71
516.4,245.50
516.6,245.41
516.8,245.35
517.0,245.29
517.2,245.76
517.4,246.53
517.6,247.30
517.8,247.38
518.0,246.67
518.2,245.96
518.4,245.27
518.6,244.65
518.8,244.02
519.0,243.50
519.2,243.31
519.4,243.15
519.6,242.98
519.8,242.82
520.0,242.66
520.2,242.49
520.4,242.33
520.6,242.17
520.8,242.00
521.0,241.10
521.2,239.56
521.4,238.01
521.6,236.81
521.8,236.45
522.0,236.13
522.2,235.79
522.4,235.25
522.6,234.67
522.8,234.08
523.0,233.36
523.2,232.43
523.4,231.50
523.6,230.57
523.8,229.82
524.0,229.17
524.2,228.52
524.4,227.85
524.6,227.04
524.8,226.21
525.0,225.38
525.2,224.61
525.4,224.06
525.6,223.53
525.8,223.00
526.0,222.52
526.2,222.12
526.4,221.71
526.6,221.31
526.8,221.03
527.0,220.81
527.2,220.59
527.4,220.38
527.6,220.38
527.8,220.48
528.0,220.58
528.2,220.63
528.4,218.95
528.6,216.40
528.8,214.07
529.0,212.29
529.2,210.11
529.4,207.52
529.6,204.93
529.8,202.54
530.0,200.29
530.2,198.68
530.4,197.21
530.6,195.75
530.8,194.68
531.0,193.88
531.2,192.90
531.4,191.85
531.6,190.90
531.8,193.29
532.0,197.36
532.2,199.74
532.4,199.69
532.6,199.63
532.8,199.57
533.0,199.51
533.2,199.48
533.4,200.20
533.6,201.18
533.8,202.18
534.0,203.17
534.2,204.16
534.4,204.98
534.6,205.26
534.8,205.51
535.0,205.76
535.2,206.01
535.4,206.26
535.6,207.04
535.8,208.20
536.0,209.35
536.2,210.51
536.4,211.67
536.6,212.71
536.8,212.68
537.0,212.38
537.2,212.08
537.4,211.78
537.6,211.48
537.8,211.02
538.0,210.02
538.2,208.98
538.4,207.94
538.6,206.90
538.8,205.86
539.0,205.02
539.2,204.75
539.4,204.52
539.6,204.28
539.8,204.05
540.0,203.82
540.2,203.85
540.4,204.57
540.6,205.32
540.8,206.07
541.0,206.83
541.2,207.58
541.4,208.22
541.6,208.60
541.8,208.98
542.0,209.35
542.2,209.72
542.4,210.09
542.6,210.23
542.8,210.12
543.0,210.01
543.2,209.90
543.4,209.79
543.6,209.68
543.8,209.65
544.0,209.67
544.2,209.69
544.4,209.70
544.6,209.72
544.8,209.63
545.0,208.86
545.2,207.96
545.4,207.06
545.6,206.17
545.8,205.27
546.0,204.50
546.2,204.08
546.4,203.68
546.6,203.28
546.8,202.88
547.0,202.74
547.2,204.56
547.4,206.81
547.6,209.10
547.8,211.53
548.0,213.54
548.2,214.00
548.4,214.32
548.6,214.64
548.8,214.96
549.0,215.53
549.2,216.57
549.4,217.62
549.6,218.67
549.8,219.69
550.0,220.27
550.2,220.73
550.4,221.19
550.6,221.63
550.8,221.93
551.0,222.17
551.2,223.26
551.4,225.54
551.6,225.10
551.8,223.50
552.0,221.95
552.2,220.72
552.4,221.01
552.6,221.93
552.8,222.84
553.0,223.58
553.2,223.82
553.4,224.04
553.6,224.29
553.8,224.94
554.0,225.69
554.2,226.49
554.4,228.49
554.6,231.00
554.8,233.52
555.0,236.23
555.2,239.00
555.4,241.35
555.6,243.00
555.8,247.49
556.0,246.39
556.2,245.89
556.4,249.58
556.6,247.26
556.8,243.17
557.0,239.89
557.2,238.96
557.4,237.94
557.6,236.55
557.8,235.12
558.0,232.68
558.2,230.07
558.4,230.12
558.6,230.21
558.8,230.27
559.0,230.02
559.2,229.28
559.4,228.56
559.6,229.18
559.8,230.46
560.0,231.50
560.2,231.71
560.4,231.86
560.6,232.70
560.8,233.86
561.0,234.50
561.2,234.23
561.4,235.10
561.6,237.34
561.8,239.54
562.0,240.90
562.2,241.93
562.4,243.33
562.6,244.96
562.8,245.72
563.0,245.78
563.2,246.20
563.4,247.09
563.6,248.40
563.8,250.29
564.0,251.60
564.2,252.09
564.4,252.43
564.6,252.58
564.8,252.31
565.0,251.66
565.2,252.12
565.4,253.31
565.6,253.93
565.8,254.22
566.0,254.15
566.2,253.95
566.4,254.13
566.6,254.35
566.8,253.87
567.0,253.33
567.2,253.57
567.4,253.79
567.6,253.30
567.8,252.85
568.0,252.90
568.2,252.66
568.4,251.31
568.6,250.40
568.8,250.90
569.0,251.10
569.2,250.46
569.4,250.27
569.6,250.92
569.8,251.43
570.0,251.65
570.2,251.80
570.4,251.81
570.6,251.49
570.8,250.42
571.0,249.87
571.2,250.75
571.4,251.37
571.6,250.84
571.8,249.97
572.0,248.14
572.2,246.60
572.4,246.97
572.6,247.61
572.8,248.32
573.0,249.01
573.2,249.01
573.4,248.82
573.6,249.68
573.8,251.07
574.0,251.79
574.2,251.83
574.4,251.88
574.6,251.98
574.8,251.90
575.0,250.71
575.2,249.36
575.4,249.93
575.6,251.51
575.8,252.57
576.0,252.74
576.2,252.82
576.4,252.33
576.6,251.69
576.8,251.31
577.0,251.32
577.2,251.33
577.4,251.26
577.6,251.16
577.8,250.92
578.0,250.21
578.2,249.46
578.4,249.73
578.6,251.12
578.8,252.48
579.0,252.56
579.2,252.06
579.4,251.38
579.6,248.33
579.8,244.81
580.0,243.54
580.2,240.17
580.4,236.16
580.6,232.16
580.8,229.12
581.0,226.94
581.2,224.48
581.4,221.19
581.6,218.66
581.8,217.06
582.0,215.30
582.2,212.60
582.4,210.03
582.6,208.84
582.8,207.85
583.0,207.02
583.2,208.41
583.4,210.39
583.6,211.47
583.8,212.36
584.0,213.25
584.2,214.14
584.4,215.03
584.6,215.92
584.8,216.81
585.0,217.70
585.2,218.59
585.4,219.48
585.6,220.37
585.8,221.26
586.0,222.15
586.2,223.04
586.4,223.93
586.6,224.77
586.8,225.60
587.0,227.19
587.2,229.42
587.4,231.65
587.6,233.88
587.8,236.13
588.0,238.40
588.2,240.62
588.4,242.84
588.6,245.06
588.8,246.98
589.0,248.50
589.2,249.86
589.4,249.62
589.6,248.97
589.8,248.30
590.0,246.82
590.2,244.87
590.4,242.84
590.6,240.63
590.8,238.41
591.0,236.48
591.2,234.79
591.4,233.10
591.6,231.41
591.8,229.73
592.0,228.04
592.2,226.37
592.4,226.75
592.6,228.53
592.8,229.93
593.0,230.98
593.2,232.03
593.4,233.18
593.6,235.19
593.8,237.36
594.0,238.12
594.2,238.08
594.4,238.03
594.6,237.90
594.8,236.50
595.0,234.66
595.2,232.63
595.4,229.68
595.6,226.60
595.8,223.52
596.0,220.84
596.2,219.10
596.4,217.41
596.6,216.43
596.8,216.39
597.0,216.35
597.2,216.32
597.4,216.32
597.6,217.09
597.8,218.15
598.0,219.32
598.2,220.89
598.4,222.50
598.6,224.10
598.8,225.68
599.0,226.92
599.2,228.05
599.4,229.15
599.6,229.73
599.8,230.16
600.0,230.58
600.2,231.01
600.4,231.43
600.6,231.85
600.8,232.28
601.0,232.91
601.2,233.68
601.4,234.46
601.6,235.23
601.8,236.01
602.0,236.78
602.2,237.55
602.4,237.97
602.6,238.15
602.8,238.34
603.0,238.52
603.2,238.71
603.4,238.89
603.6,239.08
603.8,239.63
604.0,240.40
604.2,241.16
604.4,241.93
604.6,242.70
604.8,243.47
605.0,244.24
605.2,244.91
605.4,245.52
605.6,246.12
605.8,246.73
606.0,247.34
606.2,247.95
606.4,248.62
606.6,249.51
606.8,250.43
607.0,251.34
607.2,252.26
607.4,253.17
607.6,254.09
607.8,254.93
608.0,255.69
608.2,256.45
608.4,257.21
608.6,257.97
608.8,258.73
609.0,259.12
609.2,258.89
609.4,258.64
609.6,258.40
609.8,258.15
610.0,257.91
610.2,257.75
610.4,257.75
610.6,257.76
610.8,257.76
611.0,257.77
611.2,257.87
611.4,259.51
611.6,259.27
611.8,259.00
612.0,258.73
612.2,258.46
612.4,258.19
612.6,257.89
612.8,257.56
613.0,257.22
613.2,256.89
613.4,256.55
613.6,256.21
613.8,255.77
614.0,255.19
614.2,254.61
614.4,254.03
614.6,253.45
614.8,252.88
615.0,252.53
615.2,252.54
615.4,252.55
615.6,252.57
615.8,252.58
616.0,252.60
616.2,252.52
616.4,252.42
616.6,252.40
616.8,252.37
617.0,252.35
617.2,252.32
617.4,252.30
617.6,252.09
617.8,251.48
618.0,250.85
618.2,250.23
618.4,249.60
618.6,248.98
618.8,248.35
619.0,247.80
619.2,247.43
619.4,247.08
619.6,246.72
619.8,246.36
620.0,246.00
620.2,245.65
620.4,245.29
620.6,244.95
620.8,244.61
621.0,244.27
621.2,243.93
621.4,243.59
621.6,243.25
621.8,243.01
622.0,243.03
622.2,243.08
622.4,243.12
622.6,243.17
622.8,243.21
623.0,243.26
623.2,240.01
623.4,238.41
623.6,238.23
623.8,238.05
624.0,237.87
624.2,237.69
624.4,237.51
624.6,237.33
624.8,236.88
625.0,236.21
625.2,235.54
625.4,234.88
625.6,233.92
625.8,231.98
626.0,229.95
626.2,227.88
626.4,225.39
626.6,222.81
626.8,220.23
627.0,217.65
627.2,215.07
627.4,212.54
627.6,210.01
627.8,207.48
628.0,205.16
628.2,204.09
628.4,203.22
628.6,202.35
628.8,201.48
629.0,200.62
629.2,199.75
629.4,198.97
629.6,199.88
629.8,201.43
630.0,202.98
630.2,202.90
630.4,199.89
630.6,199.85
630.8,199.80
631.0,199.76
631.2,199.72
631.4,199.68
631.6,199.63
631.8,199.59
632.0,199.44
632.2,198.62
632.4,197.69
632.6,196.76
632.8,195.84
633.0,195.28
633.2,194.89
633.4,194.49
633.6,194.09
633.8,193.69
634.0,193.30
634.2,192.90
634.4,192.50
634.6,192.27
634.8,192.88
635.0,193.62
635.2,194.35
635.4,194.52
635.6,193.79
635.8,193.67
636.0,193.55
636.2,193.43
636.4,193.31
636.6,193.19
636.8,193.07
637.0,193.03
637.2,193.24
637.4,193.46
637.6,193.68
637.8,193.91
638.0,194.13
638.2,193.99
638.4,193.24
638.6,192.48
638.8,191.72
639.0,190.96
639.2,190.21
639.4,189.45
639.6,188.69
639.8,187.97
640.0,187.97
640.2,188.25
640.4,188.54
640.6,188.82
640.8,189.07
641.0,189.22
641.2,189.36
641.4,189.51
641.6,189.65
641.8,189.79
642.0,189.93
642.2,190.07
642.4,190.21
642.6,190.26
642.8,190.29
643.0,190.33
643.2,190.42
643.4,190.87
643.6,191.38
643.8,191.89
644.0,192.40
644.2,192.90
644.4,193.41
644.6,193.92
644.8,194.16
645.0,194.29
645.2,194.41
645.4,194.52
645.6,193.95
645.8,193.00
646.0,192.05
646.2,191.09
646.4,190.14
646.6,189.19
646.8,188.78
647.0,189.22
647.2,189.66
647.4,190.11
647.6,190.52
647.8,190.78
648.0,191.01
648.2,191.25
648.4,191.48
648.6,191.71
648.8,191.95
649.0,192.36
649.2,193.16
649.4,193.98
649.6,194.55
649.8,193.71
650.0,192.63
650.2,191.55
650.4,190.47
650.6,189.40
650.8,188.32
651.0,188.51
651.2,189.77
651.4,191.02
651.6,191.69
651.8,190.78
652.0,189.79
652.2,188.79
652.4,187.79
652.6,186.80
652.8,185.90
653.0,185.64
653.2,185.48
653.4,185.37
653.6,186.18
653.8,187.36
654.0,188.54
654.2,189.71
654.4,190.88
654.6,191.65
654.8,192.18
655.0,192.71
655.2,193.28
655.4,194.18
655.6,195.13
655.8,196.07
656.0,197.02
656.2,197.97
656.4,198.45
656.6,198.56
656.8,198.67
657.0,197.87
657.2,196.44
657.4,195.01
657.6,193.57
657.8,192.14
658.0,190.67
658.2,189.12
658.4,188.24
658.6,188.36
658.8,187.06
659.0,185.76
659.2,184.47
659.4,183.17
659.6,182.92
659.8,184.32
660.0,184.93
660.2,184.27
660.4,184.88
660.6,185.48
660.8,186.08
661.0,186.92
661.2,188.71
661.4,190.61
661.6,190.92
661.8,189.47
662.0,189.09
662.2,188.71
662.4,188.33
662.6,187.98
662.8,189.01
663.0,190.82
663.2,190.01
663.4,188.99
663.6,189.02
663.8,189.04
664.0,189.07
664.2,189.20
664.4,189.87
664.6,189.15
664.8,184.93
665.0,183.33
665.2,181.73
665.4,180.13
665.6,178.59
665.8,178.27
666.0,178.40
666.2,178.23
666.4,176.92
666.6,175.51
666.8,174.09
667.0,172.82
667.2,172.32
667.4,171.95
667.6,171.85
667.8,172.67
668.0,173.57
668.2,174.48
668.4,175.39
668.6,176.51
668.8,177.71
669.0,179.09
669.2,180.78
669.4,182.48
669.6,184.18
669.8,185.91
670.0,187.71
670.2,189.34
670.4,190.30
670.6,191.20
670.8,192.10
671.0,193.06
671.2,194.10
671.4,194.18
671.6,193.54
671.8,192.89
672.0,192.86
672.2,193.85
672.4,194.88
672.6,195.98
672.8,197.09
673.0,198.21
673.2,199.71
673.4,201.57
673.6,203.52
673.8,205.51
674.0,207.51
674.2,209.62
674.4,212.12
674.6,214.12
674.8,215.32
675.0,216.52
675.2,217.71
675.4,218.91
675.6,219.78
675.8,219.08
676.0,218.16
676.2,217.04
676.4,215.18
676.6,214.24
676.8,214.80
677.0,215.38
677.2,216.36
677.4,217.88
677.6,220.72
677.8,223.71
678.0,226.59
678.2,228.94
678.4,230.13
678.6,230.41
678.8,230.69
679.0,230.71
679.2,230.32
679.4,228.06
679.6,225.00
679.8,223.44
680.0,224.54
680.2,223.54
680.4,221.02
680.6,218.63
680.8,217.07
681.0,216.38
681.2,216.71
681.4,217.05
681.6,217.82
681.8,219.32
682.0,220.45
682.2,221.42
682.4,222.33
682.6,221.98
682.8,221.11
683.0,220.09
683.2,219.07
683.4,218.26
683.6,217.63
683.8,217.51
684.0,217.49
684.2,217.92
684.4,219.20
684.6,219.46
684.8,219.48
685.0,219.54
685.2,219.83
685.4,221.09
685.6,222.58
685.8,223.73
686.0,224.29
686.2,224.32
686.4,224.45
686.6,226.05
686.8,227.50
687.0,228.05
687.2,228.57
687.4,228.81
687.6,229.79
687.8,231.25
688.0,232.43
688.2,233.07
688.4,234.21
688.6,235.38
688.8,235.18
689.0,235.12
689.2,235.56
689.4,237.12
689.6,239.35
689.8,238.07
690.0,236.21
690.2,235.13
690.4,235.95
690.6,238.12
690.8,238.75
691.0,234.74
691.2,234.73
691.4,235.45
691.6,236.30
691.8,236.26
692.0,235.66
692.2,235.69
692.4,235.45
692.6,234.05
692.8,233.34
693.0,234.58
693.2,234.45
693.4,234.15
693.6,234.14
693.8,234.60
694.0,235.17
694.2,234.80
694.4,234.73
694.6,235.50
694.8,236.31
695.0,236.86
695.2,236.80
695.4,236.87
695.6,237.39
695.8,236.40
696.0,235.07
696.2,234.70
696.4,234.93
696.6,235.24
696.8,234.56
697.0,232.92
697.2,232.54
697.4,232.33
697.6,232.24
697.8,231.85
698.0,231.31
698.2,230.08
698.4,228.11
698.6,227.31
698.8,226.66
699.0,227.07
699.2,227.65
699.4,227.64
699.6,227.57
699.8,226.65
700.0,226.53
700.2,227.67
700.4,228.53
700.6,228.09
700.8,227.72
701.0,227.90
701.2,228.12
701.4,228.45
701.6,228.80
701.8,229.00
702.0,229.17
702.2,229.53
702.4,230.37
702.6,231.07
702.8,231.75
703.0,232.35
703.2,232.62
703.4,232.71
703.6,232.18
703.8,231.58
704.0,231.18
704.2,231.23
704.4,231.84
704.6,232.56
704.8,233.28
705.0,233.37
705.2,231.12
705.4,228.91
705.6,228.55
705.8,228.56
706.0,228.57
706.2,228.46
706.4,228.09
706.6,227.60
706.8,227.09
707.0,226.58
707.2,226.06
707.4,225.55
707.6,225.04
707.8,224.53
708.0,224.01
708.2,223.50
708.4,222.99
708.6,222.48
708.8,221.96
709.0,221.45
709.2,220.94
709.4,220.43
709.6,219.92
709.8,219.81
710.0,219.97
710.2,220.12
710.4,219.93
710.6,219.63
710.8,219.33
711.0,219.03
711.2,218.83
711.4,218.74
711.6,218.71
711.8,218.68
712.0,218.66
712.2,218.63
712.4,218.60
712.6,218.58
712.8,218.60
713.0,219.16
713.2,219.90
713.4,220.63
713.6,221.36
713.8,222.05
714.0,222.05
714.2,221.79
714.4,221.18
714.6,220.29
714.8,219.40
715.0,218.50
715.2,218.05
715.4,219.40
715.6,220.95
715.8,221.24
716.0,218.44
716.2,215.50
716.4,212.55
716.6,209.61
716.8,207.26
717.0,205.52
717.2,203.34
717.4,200.91
717.6,198.48
717.8,196.06
718.0,193.63
718.2,191.22
718.4,188.82
718.6,186.42
718.8,184.59
719.0,185.05
719.2,185.75
719.4,186.45
719.6,187.14
719.8,188.12
720.0,190.61
720.2,193.31
720.4,195.87
720.6,198.16
720.8,200.43
721.0,202.71
721.2,204.99
721.4,206.89
721.6,208.28
721.8,209.66
722.0,210.99
722.2,211.62
722.4,212.01
722.6,212.40
722.8,212.79
723.0,213.17
723.2,213.37
723.4,213.21
723.6,212.77
723.8,212.18
724.0,211.59
724.2,210.99
724.4,210.38
724.6,209.26
724.8,207.95
725.0,206.67
725.2,206.31
725.4,206.40
725.6,206.50
725.8,206.59
726.0,206.90
726.2,207.64
726.4,207.77
726.6,206.96
726.8,206.13
727.0,205.31
727.2,204.66
727.4,204.90
727.6,205.27
727.8,205.47
728.0,205.36
728.2,205.25
728.4,205.14
728.6,205.10
728.8,205.27
729.0,205.30
729.2,205.09
729.4,204.89
729.6,204.68
729.8,204.47
730.0,204.27
730.2,204.06
730.4,203.98
730.6,204.02
730.8,204.06
731.0,204.21
731.2,204.63
731.4,204.80
731.6,204.54
731.8,204.27
732.0,203.99
732.2,204.14
732.4,205.16
732.6,205.73
732.8,205.21
733.0,204.63
733.2,204.07
733.4,204.14
733.6,204.47
733.8,204.73
734.0,204.99
734.2,205.31
734.4,206.24
734.6,206.98
734.8,205.39
735.0,203.38
735.2,201.76
735.4,201.40
735.6,201.94
735.8,202.85
736.0,203.78
736.2,205.89
736.4,208.72
736.6,209.28
736.8,208.75
737.0,208.40
737.2,210.37
737.4,211.17
737.6,210.94
737.8,210.70
738.0,209.42
738.2,207.29
738.4,205.12
738.6,202.93
738.8,200.76
739.0,198.97
739.2,196.66
739.4,193.06
739.6,189.43
739.8,185.82
740.0,182.79
740.2,179.97
740.4,178.82
740.6,178.75
740.8,178.68
741.0,178.51
741.2,177.34
741.4,176.74
741.6,177.09
741.8,177.43
742.0,177.79
742.2,179.03
742.4,180.84
742.6,182.15
742.8,182.07
743.0,181.91
743.2,181.72
743.4,181.10
743.6,180.50
743.8,180.61
744.0,180.82
744.2,181.04
744.4,181.27
744.6,181.58
744.8,181.87
745.0,181.69
745.2,181.34
745.4,180.99
745.6,180.64
745.8,180.35
746.0,180.82
746.2,181.54
746.4,182.26
746.6,182.90
746.8,182.34
747.0,181.33
747.2,180.78
747.4,180.78
747.6,180.78
747.8,180.72
748.0,180.48
748.2,180.48
748.4,180.75
748.6,181.02
748.8,181.29
749.0,181.70
749.2,182.30
749.4,182.89
749.6,183.38
749.8,183.85
750.0,184.31
750.2,184.64
750.4,184.20
750.6,184.31
750.8,184.85
751.0,185.38
751.2,185.91
751.4,186.92
751.6,188.40
751.8,189.75
752.0,189.64
752.2,189.10
752.4,188.55
752.6,188.59
752.8,192.42
753.0,195.93
753.2,195.37
753.4,194.40
753.6,193.42
753.8,192.45
754.0,191.98
754.2,193.78
754.4,195.71
754.6,196.94
754.8,198.06
755.0,199.19
755.2,200.31
755.4,201.37
755.6,202.37
755.8,203.33
756.0,204.28
756.2,205.24
756.4,206.42
756.6,208.22
756.8,210.05
757.0,211.52
757.2,212.77
757.4,214.03
757.6,215.48
757.8,217.54
758.0,218.51
758.2,216.18
758.4,216.81
758.6,217.71
758.8,217.81
759.0,217.05
759.2,215.67
759.4,214.29
759.6,212.93
759.8,211.56
760.0,210.20
760.2,208.84
760.4,207.52
760.6,206.78
760.8,206.63
761.0,206.47
761.2,206.32
761.4,206.22
761.6,207.55
761.8,209.49
762.0,211.41
762.2,212.71
762.4,213.68
762.6,214.64
762.8,215.59
763.0,215.67
763.2,215.23
763.4,217.36
763.6,223.15
763.8,223.72
764.0,222.06
764.2,223.62
764.4,223.72
764.6,223.20
764.8,222.63
765.0,221.52
765.2,220.23
765.4,218.94
765.6,217.66
765.8,216.62
766.0,216.04
766.2,215.53
766.4,215.08
766.6,214.63
766.8,214.18
767.0,213.73
767.2,214.19
767.4,215.50
767.6,216.81
767.8,218.03
768.0,219.06
768.2,220.09
768.4,221.12
768.6,222.11
768.8,222.03
769.0,221.60
769.2,223.53
769.4,226.43
769.6,227.42
769.8,226.65
770.0,229.35
770.2,232.32
770.4,234.96
770.6,237.05
770.8,237.43
771.0,236.00
771.2,237.13
771.4,235.14
771.6,231.45
771.8,229.81
772.0,230.59
772.2,230.78
772.4,230.59
772.6,230.41
772.8,230.22
773.0,230.09
773.2,230.82
773.4,231.87
773.6,232.91
773.8,233.82
774.0,234.64
774.2,235.45
774.4,236.27
774.6,237.26
774.8,238.66
775.0,240.04
775.2,240.20
775.4,239.86
775.6,239.52
775.8,239.19
776.0,238.95
776.2,240.18
776.4,241.90
776.6,243.54
776.8,244.34
777.0,244.87
777.2,245.40
777.4,245.93
777.6,246.28
777.8,246.16
778.0,246.06
778.2,245.99
778.4,245.92
778.6,245.86
778.8,245.71
779.0,245.10
779.2,244.41
779.4,244.12
779.6,245.06
779.8,246.09
780.0,247.12
780.2,248.09
780.4,246.31
780.6,243.43
780.8,243.98
781.0,245.25
781.2,246.52
781.4,247.80
781.6,248.32
781.8,247.43
782.0,246.54
782.2,246.90
782.4,247.88
782.6,248.85
782.8,249.82
783.0,250.79
783.2,251.72
783.4,251.27
783.6,250.11
783.8,248.96
784.0,247.80
784.2,247.39
784.4,248.71
784.6,250.10
784.8,251.12
785.0,251.82
785.2,252.52
785.4,253.26
785.6,254.31
785.8,255.44
786.0,256.67
786.2,257.92
786.4,259.17
786.6,259.99
786.8,258.85
787.0,257.46
787.2,255.44
787.4,253.01
787.6,250.59
787.8,248.42
788.0,247.71
788.2,244.31
788.4,239.99
788.6,235.67
788.8,231.36
789.0,228.76
789.2,227.47
789.4,226.03
789.6,223.99
789.8,221.88
790.0,219.77
790.2,218.68
790.4,220.18
790.6,220.87
790.8,219.68
791.0,218.44
791.2,217.20
791.4,215.96
791.6,213.50
791.8,210.02
792.0,206.57
792.2,204.98
792.4,204.72
792.6,204.46
792.8,204.20
793.0,204.99
793.2,207.98
793.4,208.03
793.6,206.60
793.8,205.17
794.0,203.73
794.2,202.30
794.4,200.87
794.6,199.44
794.8,198.03
795.0,196.61
795.2,195.26
795.4,194.27
795.6,193.34
795.8,192.41
796.0,191.49
796.2,190.56
796.4,189.64
796.6,189.13
796.8,188.84
797.0,188.55
797.2,188.59
797.4,188.95
797.6,189.31
797.8,189.67
798.0,190.03
798.2,190.39
798.4,190.75
798.6,190.89
798.8,190.75
799.0,190.61
799.2,190.46
799.4,190.32
799.6,190.18
799.8,190.04
800.0,189.90
800.2,189.76
800.4,189.62
800.6,189.48
