   0.00000000      -0.0000000000000000     
  0.500000000      -0.0000000000000000     
   1.00000000      -0.0000000000000000     
   1.50000000      -0.0000000000000000     
   2.00000000      -0.0000000000000000     
   2.50000000      -0.0000000000000000     
   3.00000000      -0.0000000000000000     
   3.50000000       0.023247037729179798
   4.00000000     -0.03.5620185776942481
   4.50000000     -0.04.3453567882480115
   5.00000000     -0.05.9324203599676828
   5.50000000     -0.21637908220777424     
   6.00000000     -0.29493580085793925     
   6.50000000     -0.39147922366017873     
   7.00000000     -0.45663350127946467     
   7.50000000     -0.81228181781658959     
   8.00000000      -1.7598540030296355     
   8.50000000      -3.2446149774311892     
   9.00000000      -6.0402525804488949     
   9.50000000      -9.3478143669075298     
   10.0000000      -13.510136590681121     
   10.5000000      -17.328362895092219     
   11.0000000      -22.181540082612695     
   11.5000000      -27.346013373716890     
   12.0000000      -32.393446448824200     
   12.5000000      -43.017869584498044     
   13.0000000      -48.216822426840515     
   13.5000000      -52.447771760125150     
   14.0000000      -58.520569210323494     
   14.5000000      -63.034541730603877     
   15.0000000      -69.625412538475601     
   15.5000000      -91.811196580137107     
   16.0000000      -95.687247261329773     
   16.5000000      -99.188620583995714     
   17.0000000      -103.19741359631395     
   17.5000000      -105.29520524413505     
   18.0000000      -107.08435202903367     
   18.5000000      -108.75216021830386     
   19.0000000      -110.44743577374894     
   19.5000000      -111.99869091850231     
   20.0000000      -113.05043838395470     